0.jpg 66 18 79 63 0 47 21 53 39 0
1.jpg 71 66 260 397 0
10.jpg 16 28 33 80 0
100.jpg 103 22 148 161 0
1000.jpg 9 41 77 218 0 134 32 206 203 0 217 5 306 220 0
1001.jpg 33 194 179 246 0 29 126 181 181 0 25 16 224 96 0
1002.jpg 12 20 96 222 0 125 69 179 217 0 194 71 248 214 0
1003.jpg 70 7 213 69 0 69 72 217 132 0 23 160 219 239 0
1004.jpg 8 72 63 213 0 76 67 130 219 0 162 21 240 219 0
1005.jpg 11 20 176 82 0 12 89 176 149 0 10 155 170 216 0 101 206 133 217 0 99 226 137 237 0 102 145 137 158 0 100 76 136 89 0 155 125 186 147 0
1006.jpg 49 158 216 212 0 47 88 214 145 0 56 22 215 81 0 90 146 126 159 0 88 79 124 90 0 85 1 128 8 0 93 16 121 28 0 39 90 73 110 0
1007.jpg 22 11 82 171 0 90 10 145 175 0 160 10 212 175 0 1 99 11 140 0 15 102 31 131 0 77 101 92 137 0 145 101 162 134 0 89 153 112 186 0
1008.jpg 22 11 77 177 0 93 11 149 176 0 158 10 213 171 0 74 101 91 135 0 143 102 161 137 0 226 99 237 135 0 208 103 219 130 0 126 155 147 185 0
1009.jpg 57 68 145 99 0 10 41 145 72 0 17 6 153 38 0
101.jpg 76 14 134 151 0
1010.jpg 32 42 164 83 0 33 77 167 109 0 23 108 163 140 0
1011.jpg 43 8 78 142 0 65 10 109 141 0 110 13 147 157 0
1012.jpg 7 12 38 154 0 37 9 86 143 0 72 14 101 143 0
1013.jpg 7 65 100 111 0
1014.jpg 40 9 132 55 0
1015.jpg 10 8 57 99 0
1016.jpg 66 8 111 97 0
1018.jpg 31 83 171 154 0
1019.jpg 84 23 154 161 0
102.jpg 83 38 128 132 0
1020.jpg 24 49 164 121 0
1021.jpg 52 24 123 163 0
1022.jpg 75 115 235 194 0 33 33 237 114 0
1023.jpg 32 8 118 210 0 115 12 193 162 0
1024.jpg 9 48 165 126 0 9 122 213 206 0
1025.jpg 48 7 128 166 0 123 10 206 211 0
1026.jpg 33 41 100 67 0
1027.jpg 16 40 83 64 0
1028.jpg 40 32 67 99 0
1029.jpg 41 32 67 99 0
103.jpg 37 67 129 109 0
1030.jpg 86 25 207 72 0 87 81 210 132 0 53 137 210 196 0 60 201 216 269 0
1031.jpg 57 22 212 90 0 63 96 219 154 0 63 159 187 207 0 65 217 189 265 0
1032.jpg 23 60 88 216 0 95 54 153 209 0 158 84 208 212 0 218 86 264 208 0
1033.jpg 28 86 73 206 0 84 85 132 213 0 138 56 198 209 0 202 59 269 216 0
104.jpg 37 66 130 112 0
105.jpg 78 26 226 394 0 195 114 258 284 0 256 98 324 278 0 23 185 44 231 0 257 106 292 267 0
106.jpg 71 15 103 123 0
107.jpg 50 88 113 262 0 105 50 156 242 0 133 25 208 278 0 227 79 279 255 0 17 12 33 44 0 152 12 167 34 0 92 26 108 43 0
108.jpg 22 28 124 336 0 127 24 243 334 0
109.jpg 77 2 256 206 0 14 45 59 176 0
11.jpg 26 29 61 121 0 86 24 111 86 0 55 27 77 87 0
110.jpg 85 28 145 220 0 135 28 200 213 0
1100.jpg 80 113 124 256 0 114 117 154 250 0 210 90 280 247 0 228 86 406 300 0
1101.jpg 3 90 30 147 0 126 105 146 154 0 199 98 290 325 0 289 97 344 284 0
1102.jpg 88 132 102 164 0 142 130 159 166 0 155 140 169 165 0 202 141 212 164 0 207 128 224 164 0 245 128 263 158 0 257 128 269 147 0 343 113 376 200 0
1103.jpg 14 224 47 304 0 60 213 88 285 0 141 217 176 293 0 164 222 207 324 0 205 214 230 276 0 221 216 303 371 0 297 218 342 312 0 549 200 600 334 0
1104.jpg 14 196 28 226 0 22 195 36 221 0 30 176 71 296 0 78 182 121 297 0 114 182 169 325 0 166 192 178 212 0 166 173 229 325 0 239 178 304 325 0 354 192 390 227 0
1107.jpg 301 249 352 389 0 330 257 399 376 0
1108.jpg 112 125 186 294 0 355 120 375 191 0 370 122 391 189 0 386 121 406 189 0 408 114 429 146 0 424 123 478 198 0
1109.jpg 167 237 258 487 0 221 175 389 475 0 367 254 473 483 0 487 300 533 438 0 519 312 580 437 0 601 287 653 433 0 637 288 670 433 0
111.jpg 3 24 28 79 0 34 8 83 111 0 92 6 134 113 0
1110.jpg 183 335 205 420 0 198 333 235 442 0 240 354 273 444 0 260 340 281 390 0 280 333 315 424 0 326 338 357 424 0 468 354 512 468 0 523 345 545 374 0 522 360 582 472 0 590 321 629 418 0 554 324 572 366 0 569 332 590 360 0 936 346 971 432 0 956 343 1000 429 0
1111.jpg 38 286 96 387 0 79 309 164 444 0 83 297 138 328 0 150 270 191 354 0 193 286 237 383 0 215 345 301 499 0 254 268 278 340 0 246 294 307 374 0 296 280 340 363 0 319 258 343 287 0 324 305 385 436 0 385 283 424 379 0 413 259 437 313 0 420 270 454 343 0 454 323 529 469 0 471 265 495 313 0 474 293 515 329 0 498 246 515 286 0 539 281 572 362 0 572 297 636 428 0 591 265 615 312 0 652 290 693 383 0
1112.jpg 45 141 118 332 0 110 114 183 211 0 89 159 223 518 0 192 123 279 235 0 200 178 293 511 0 344 93 376 171 0 447 74 495 187 0 529 94 557 170 0 558 96 584 165 0 503 153 629 271 0 501 193 643 500 0 593 92 619 172 0 626 93 659 167 0 680 109 696 170 0 697 113 715 169 0 721 140 916 560 0 795 79 830 153 0 881 58 936 197 0
1113.jpg 113 265 125 295 0 123 261 133 294 0 127 263 139 292 0 135 263 145 292 0 230 257 242 290 0 242 256 256 290 0 159 224 232 382 0 256 249 275 303 0 267 252 280 290 0 295 253 308 290 0 313 249 340 306 0 334 243 362 316 0 354 242 375 298 0 380 244 399 300 0 395 244 419 306 0 414 239 438 306 0 474 235 501 301 0 514 214 573 344 0 589 214 637 339 0
1114.jpg 383 237 439 328 0 418 247 459 316 0
1115.jpg 90 111 166 251 0 182 106 260 252 0 248 110 317 205 0
1116.jpg 6 135 42 283 0 39 145 89 291 0 74 142 116 292 0 147 144 210 306 0 183 139 273 353 0 326 144 447 354 0
1117.jpg 159 96 198 153 0 365 37 459 238 0
1118.jpg 271 301 338 507 0 328 301 389 461 0 371 302 439 488 0 446 299 494 374 0
1119.jpg 253 160 298 291 0
112.jpg 31 58 91 260 0 82 86 135 264 0 147 44 180 90 0 222 40 251 78 0 150 51 218 272 0 219 54 255 275 0
1120.jpg 664 241 700 327 0 702 243 732 330 0
1121.jpg 89 262 144 398 0 152 264 212 407 0 192 247 220 397 0 133 262 146 287 0 146 263 158 293 0 158 262 170 293 0 224 259 240 301 0 238 262 254 285 0 262 258 278 288 0 276 260 285 290 0 282 260 294 292 0 290 261 304 291 0 316 258 333 309 0 332 261 350 308 0 354 261 369 308 0 370 259 385 277 0 376 259 422 382 0 517 257 546 341 0 415 257 425 289 0 424 259 437 291 0 540 258 576 361 0 153 282 422 516 0 387 255 578 516 0 559 242 689 516 0
1122.jpg 12 23 73 122 0 61 32 117 69 0 58 54 141 180 0 129 11 171 94 0 172 23 221 120 0 226 5 256 80 0 197 86 256 235 0
1123.jpg 1 16 14 98 0 25 29 68 123 0 80 10 106 86 0 76 37 128 118 0 43 92 131 242 0 125 24 169 108 0 146 1 171 36 0 151 49 210 179 0 209 41 225 124 0
1124.jpg 1 33 42 117 0 19 11 42 47 0 29 56 84 189 0 84 37 125 130 0 116 11 134 66 0 123 25 153 95 0 171 18 190 79 0 174 45 206 91 0 156 76 205 204 0
1125.jpg 16 8 43 82 0 10 36 71 116 0 3 89 60 228 0 60 20 104 106 0 81 1 107 29 0 95 46 146 173 0 145 25 185 119 0 179 1 198 57 0 184 14 217 86 0
1126.jpg 9 61 30 119 0 1 89 13 177 0 15 76 46 149 0 64 67 84 121 0 92 51 106 92 0 67 96 107 139 0 48 127 121 274 0 130 83 166 169 0 166 100 230 231 0 184 72 206 117 0 245 93 286 188 0
1127.jpg 41 107 74 234 0 69 110 119 238 0 170 83 236 233 0 182 107 281 286 0
1128.jpg 20 77 84 208 0 34 73 216 283 0
1129.jpg 1 74 24 159 0 14 78 57 182 0 56 93 91 184 0 78 83 99 132 0 99 73 130 163 0 145 77 171 164 0
113.jpg 19 8 90 149 0
1130.jpg 28 85 68 202 0 52 91 83 198 0 84 76 106 110 0 87 88 143 202 0 114 57 136 92 0 128 64 146 148 0 142 76 160 146 0 147 52 169 74 0 157 62 188 149 0
1131.jpg 84 61 120 141 0 102 52 150 141 0
1132.jpg 116 48 157 132 0 156 51 188 136 0
1133.jpg 144 106 182 192 0 180 111 214 196 0
1134.jpg 65 33 77 66 0 54 34 62 56 0 78 32 88 64 0 144 30 156 71 0 112 16 146 164 0 7 31 66 167 0 69 34 134 176 0
1135.jpg 6 43 20 84 0 21 45 34 72 0 47 44 57 74 0 55 47 65 77 0 64 45 77 77 0 74 46 88 78 0 18 52 57 89 0
1136.jpg 9 25 25 75 0 25 28 42 75 0 46 27 62 74 0 63 26 77 42 0 108 27 116 53 0 115 29 130 58 0 68 23 117 150 0 101 53 146 154 0
1137.jpg 15 25 43 103 0 1 24 62 162 0 41 20 72 121 0 72 20 83 48 0 61 8 166 160 0
1138.jpg 4 29 111 219 0 79 34 108 117 0 106 31 138 135 0 118 19 202 219 0
1139.jpg 7 156 50 274 0 55 161 97 271 0 89 161 146 303 0 143 151 207 303 0 216 155 280 303 0
114.jpg 24 53 65 143 0 58 44 96 133 0 112 50 155 133 0
1140.jpg 46 41 57 76 0 51 39 66 72 0 66 37 80 73 0
1141.jpg 113 223 196 475 0 178 165 329 462 0 313 244 409 468 0
115.jpg 40 26 90 107 0
116.jpg 6 93 62 210 0 145 30 257 238 0
117.jpg 68 33 126 177 0 115 76 161 175 0
118.jpg 23 13 159 197 0
119.jpg 16 18 46 95 0 44 17 74 96 0
120.jpg 10 49 38 102 0 80 45 111 91 0 11 56 83 274 0 68 15 177 297 0 92 99 207 299 0 175 91 228 275 0 219 34 297 284 0
121.jpg 76 40 135 189 0 129 38 184 179 0
122.jpg 59 53 132 180 0 24 80 36 111 0 10 85 19 112 0 1 87 10 113 0 200 78 207 116 0
123.jpg 4 22 73 246 0 63 1 173 285 0 81 2 196 199 0 161 18 221 208 0 212 15 290 262 0 73 209 104 257 0 1 191 29 250 0
124.jpg 51 213 281 285 0 47 262 95 290 0 39 188 94 215 0 13 118 296 229 0 96 90 297 208 0 86 72 280 119 0 36 1 279 79 0
125.jpg 36 31 95 228 0 78 29 135 209 0 150 20 220 241 0 208 1 240 216 0 218 208 240 252 0
126.jpg 64 42 157 175 0
127.jpg 8 5 43 84 0
128.jpg 34 40 89 137 0 98 35 146 183 0 133 68 164 183 0
129.jpg 151 47 303 176 0
13.jpg 10 29 44 99 0 100 29 144 117 0
130.jpg 37 14 61 76 0
131.jpg 31 58 97 260 0 80 86 135 266 0 151 43 179 106 0 222 42 244 82 0 151 52 220 274 0 219 66 244 281 0
132.jpg 30 26 48 67 0 45 23 62 67 0
133.jpg 57 29 69 62 0 18 34 41 81 0 66 31 80 63 0 39 35 48 58 0 47 36 54 59 0
134.jpg 70 105 168 314 0 161 93 254 296 0 252 118 347 276 0 339 109 405 227 0 366 105 482 214 0 155 135 176 182 0
135.jpg 29 69 134 235 0 109 116 158 235 0 149 63 254 238 0
136.jpg 71 49 97 140 0
137.jpg 15 63 48 142 0
138.jpg 50 25 112 154 0
139.jpg 10 115 85 243 0 43 85 86 188 0 75 74 135 240 0 157 76 200 217 0 1 86 14 174 0 7 90 26 132 0 133 102 161 119 0 190 88 200 127 0 199 91 209 108 0 121 108 148 216 0 43 91 52 110 0
14.jpg 37 39 80 142 0 93 41 130 133 0
140.jpg 1 42 20 70 0 64 46 95 96 0 19 49 85 275 0 107 86 163 267 0 148 58 212 262 0 1 72 28 283 0
141.jpg 82 34 176 229 0
142.jpg 5 2 40 77 0 41 40 55 61 0 6 23 18 65 0 56 35 66 60 0
143.jpg 15 36 266 266 0
144.jpg 82 14 155 167 0 35 100 60 198 0
145.jpg 227 1 399 252 0
146.jpg 126 90 271 337 0 111 150 163 259 0 240 170 274 288 0
147.jpg 98 52 116 111 0 114 54 133 109 0 76 60 89 78 0
148.jpg 188 56 304 352 0 100 50 191 349 0 105 60 127 112 0 169 61 193 106 0
149.jpg 156 25 500 514 0 3 1 243 527 0
150.jpg 30 30 45 69 0 50 4 91 103 0
151.jpg 101 128 157 254 0 48 136 99 261 0 240 134 289 264 0
152.jpg 40 15 100 171 0
153.jpg 30 43 183 110 0 5 136 101 162 0
154.jpg 15 81 167 153 0 98 35 196 59 0
155.jpg 44 15 116 166 0 134 98 165 198 0
156.jpg 93 43 137 222 0 211 45 257 212 0
157.jpg 82 18 126 134 0
158.jpg 40 20 227 223 0
159.jpg 22 11 165 54 0
16.jpg 31 22 52 91 0 54 25 78 92 0
160.jpg 112 9 235 298 0
161.jpg 54 47 114 132 0 101 61 126 107 0 43 68 64 99 0
162.jpg 103 2 147 141 0
163.jpg 3 102 144 144 0
164.jpg 42 122 136 166 0 39 59 185 107 0 69 41 184 71 0
165.jpg 219 64 251 140 0 10 62 33 111 0 42 28 131 228 0 123 33 220 227 0 34 63 51 109 0 153 35 221 147 0 194 63 214 93 0 245 66 264 84 0
166.jpg 62 18 106 163 0 44 16 74 132 0 119 66 168 161 0
167.jpg 39 43 187 210 0 154 50 205 156 0 9 54 63 156 0
168.jpg 47 75 108 181 0 63 71 213 234 0 189 77 248 184 0
169.jpg 65 35 160 85 0 22 97 163 136 0 19 131 138 161 0
170.jpg 41 37 139 83 0 40 97 181 139 0 69 138 186 163 0
171.jpg 125 38 173 191 0
172.jpg 51 9 106 155 0 164 51 228 242 0 15 31 42 108 0 115 23 143 117 0 164 25 193 96 0 137 29 166 107 0 45 22 77 107 0 99 28 124 107 0 196 27 215 67 0 228 31 236 88 0
173.jpg 6 72 84 100 0
174.jpg 107 49 222 237 0
175.jpg 23 8 143 192 0
176.jpg 24 1 122 304 0 129 2 241 309 0
177.jpg 31 225 336 321 0 25 107 336 218 0
178.jpg 21 8 103 38 0
179.jpg 29 65 218 123 0 31 6 214 71 0
18.jpg 14 45 69 135 0 122 45 154 117 0
180.jpg 107 22 188 172 0 19 133 31 160 0
181.jpg 13 8 78 137 0
182.jpg 132 17 221 227 0 194 30 242 123 0
183.jpg 62 79 107 157 0 108 19 144 83 0 115 126 138 161 0
184.jpg 22 84 206 143 0 27 135 207 200 0
185.jpg 90 48 117 116 0
186.jpg 86 18 148 206 0 135 26 200 208 0
187.jpg 110 18 154 155 0
188.jpg 61 27 118 169 0
189.jpg 167 64 241 223 0 232 99 281 204 0 144 133 182 208 0
19.jpg 51 73 71 151 0 124 65 158 153 0 129 58 232 183 0 70 78 96 152 0
190.jpg 69 13 116 135 0
191.jpg 47 10 196 211 0
192.jpg 76 22 106 112 0
193.jpg 7 17 61 154 0 153 32 237 229 0
194.jpg 37 38 60 90 0 59 40 78 89 0
195.jpg 134 25 179 194 0
196.jpg 3 45 27 101 0 34 15 77 116 0 94 19 129 116 0
197.jpg 21 42 83 288 0 52 43 148 303 0 103 42 172 288 0 143 21 262 299 0 1 101 26 286 0
198.jpg 83 47 121 134 0
199.jpg 78 120 114 236 0 199 95 269 258 0 210 91 386 295 0 109 124 154 243 0
2.jpg 185 45 304 408 0 317 60 450 407 0
200.jpg 117 65 159 154 0 50 22 92 166 0 23 30 76 166 0 111 118 119 140 0 116 118 124 142 0 123 120 132 142 0 144 122 149 139 0 153 123 157 138 0 177 118 186 139 0 93 122 101 139 0 166 128 170 136 0 171 128 176 138 0
201.jpg 39 90 156 301 0 145 38 316 301 0
202.jpg 157 127 208 211 0 48 32 136 211 0
203.jpg 56 8 142 165 0
204.jpg 48 4 100 25 0 17 34 116 77 0 17 92 117 130 0
205.jpg 19 4 118 39 0 16 58 116 101 0 47 108 100 129 0
206.jpg 29 33 63 107 0 59 44 93 113 0 115 45 151 110 0
207.jpg 63 39 192 182 0 150 69 221 182 0
208.jpg 58 33 83 94 0
209.jpg 31 87 118 249 0 96 24 208 253 0 191 41 206 62 0 209 40 224 65 0 162 41 178 61 0 177 41 192 62 0
210.jpg 17 79 89 182 0 88 14 319 313 0 75 100 101 149 0 10 107 31 142 0 247 108 276 147 0 160 111 173 131 0
211.jpg 53 102 128 138 0 45 70 121 102 0 50 11 112 50 0
212.jpg 11 26 38 103 0
213.jpg 4 12 104 300 0 104 84 199 298 0 186 99 264 297 0
214.jpg 15 3 118 207 0 217 41 256 142 0
215.jpg 17 86 57 188 0 59 88 96 189 0 88 89 139 235 0 136 80 189 237 0 198 86 255 237 0 6 100 16 127 0 135 98 146 116 0 15 102 23 119 0
216.jpg 78 55 132 164 0 91 57 145 167 0
217.jpg 8 38 64 181 0 74 33 134 184 0 159 30 242 243 0
218.jpg 28 152 95 236 0 85 169 130 236 0 151 29 272 236 0 135 175 170 236 0
219.jpg 45 96 149 255 0 138 144 179 248 0 158 101 254 253 0
22.jpg 33 32 58 95 0 68 42 97 110 0
220.jpg 41 31 94 136 0
221.jpg 94 210 210 260 0 31 19 231 119 0
222.jpg 94 70 162 267 0 164 57 236 261 0
223.jpg 66 66 127 294 0 113 62 186 293 0 167 58 183 100 0 184 56 201 98 0 145 57 167 99 0
224.jpg 34 10 141 229 0
225.jpg 32 33 81 147 0
226.jpg 7 37 46 152 0
227.jpg 65 5 123 141 0 117 6 159 101 0
228.jpg 20 26 38 91 0 35 33 52 87 0 49 29 66 84 0
229.jpg 95 30 141 144 0
23.jpg 81 60 110 143 0
230.jpg 47 48 113 199 0 147 51 210 189 0
231.jpg 34 48 176 99 0 78 10 172 52 0
232.jpg 6 69 145 123 0 4 115 102 159 0
233.jpg 13 65 197 200 0
234.jpg 68 12 199 197 0
235.jpg 14 24 197 154 0
236.jpg 13 15 89 45 0 13 44 89 73 0
237.jpg 16 14 45 89 0 46 11 73 90 0
238.jpg 18 47 94 78 0 18 21 96 48 0
239.jpg 80 1 131 152 0 125 11 180 147 0
240.jpg 37 40 68 108 0 94 32 127 109 0
241.jpg 89 23 115 67 0 29 16 79 120 0
242.jpg 10 37 51 159 0 65 33 126 178 0 103 25 154 161 0
243.jpg 34 40 51 75 0 8 41 22 74 0 57 38 85 100 0
244.jpg 39 71 189 125 0 41 22 189 78 0
245.jpg 85 39 115 118 0 95 40 152 168 0
246.jpg 67 40 130 147 0
247.jpg 21 13 76 147 0 74 1 125 148 0
248.jpg 54 58 179 136 0
249.jpg 86 36 112 120 0
25.jpg 37 32 85 154 0 79 28 118 154 0 79 35 89 52 0 105 34 115 54 0
250.jpg 4 74 167 288 0 105 14 299 288 0
251.jpg 69 53 146 179 0 172 80 183 112 0 189 86 197 112 0 198 87 207 113 0 1 78 6 121 0
252.jpg 59 15 138 139 0 1 82 8 107 0 10 82 18 108 0 25 84 32 113 0 200 77 207 117 0
253.jpg 15 61 139 140 0 84 25 113 33 0 82 1 108 7 0 82 10 108 18 0 75 200 118 207 0
254.jpg 67 90 236 252 0
255.jpg 40 54 220 211 0
256.jpg 40 47 174 237 0 1 184 32 237 0
257.jpg 108 102 257 260 0
258.jpg 71 23 117 143 0
259.jpg 3 103 52 233 0 56 111 104 232 0 96 20 225 243 0
26.jpg 68 80 105 173 0 117 61 163 187 0
260.jpg 44 86 216 232 0
261.jpg 20 14 263 299 0
262.jpg 39 11 146 188 0 153 39 193 110 0 139 52 155 86 0 28 56 48 86 0 182 57 191 78 0 69 69 76 83 0
263.jpg 72 10 99 100 0
264.jpg 56 21 98 123 0
265.jpg 8 47 159 321 0 149 70 220 275 0 228 67 289 207 0 360 76 410 198 0
266.jpg 52 8 82 100 0
267.jpg 31 59 72 147 0 109 60 132 110 0 91 60 98 74 0
268.jpg 4 62 151 259 0 155 35 288 259 0 255 86 305 259 0 119 128 152 198 0 287 180 304 235 0 1 185 11 225 0
269.jpg 13 74 100 97 0
27.jpg 11 1 179 337 0 146 120 280 337 0 284 109 485 337 0 309 129 329 157 0
270.jpg 49 54 137 76 0
271.jpg 46 36 142 225 0 164 136 215 225 0
273.jpg 16 16 92 47 0
274.jpg 67 40 140 157 0
275.jpg 11 64 111 309 0 105 84 203 294 0 270 68 345 268 0 107 77 114 95 0
276.jpg 64 132 141 163 0
277.jpg 16 16 47 91 0
278.jpg 20 52 149 106 0
279.jpg 46 54 96 170 0
28.jpg 98 26 200 246 0 23 34 47 97 0 239 48 256 107 0
280.jpg 27 70 155 129 0
281.jpg 14 97 58 209 0 50 88 108 210 0 60 98 135 226 0 45 105 62 166 0
282.jpg 52 40 100 119 0
283.jpg 21 10 39 50 0 58 26 69 55 0 68 24 80 55 0 38 29 47 53 0 46 31 53 51 0
284.jpg 53 20 116 148 0
285.jpg 97 20 173 209 0
286.jpg 6 24 16 55 0 16 28 27 55 0 31 28 39 52 0 37 31 47 54 0 45 12 66 51 0
287.jpg 15 19 49 37 0 31 39 54 47 0 29 46 54 52 0 26 57 56 69 0 25 69 55 79 0
288.jpg 98 57 134 194 0 127 54 171 197 0
289.jpg 38 47 77 64 0 35 31 59 38 0 33 38 61 46 0 33 7 63 16 0 31 17 63 26 0
29.jpg 67 22 80 69 0
290.jpg 160 55 199 146 0 71 17 151 210 0 114 15 185 211 0
291.jpg 41 13 119 213 0 26 56 69 148 0 78 20 144 213 0
292.jpg 36 66 225 138 0
293.jpg 19 89 207 173 0
294.jpg 68 18 142 210 0
295.jpg 31 49 89 179 0 64 44 99 179 0 95 57 154 173 0 125 61 178 171 0 189 107 201 152 0
296.jpg 30 18 72 106 0
297.jpg 6 7 79 39 0 21 40 41 54 0 24 55 48 66 0 18 27 56 38 0 19 6 57 16 0
298.jpg 145 47 183 131 0 40 45 118 229 0 169 34 227 207 0 226 60 235 121 0 235 55 241 126 0
299.jpg 2 29 76 54 0 34 1 63 9 0 41 11 61 26 0 20 50 63 58 0 24 26 65 38 0
3.jpg 6 2 24 51 0
30.jpg 49 12 62 56 0
300.jpg 1 20 10 49 0 11 21 26 42 0 32 6 58 79 0
301.jpg 50 28 101 179 0
302.jpg 35 55 62 106 0 75 44 194 202 0 136 57 149 96 0 86 59 96 76 0
303.jpg 53 44 115 156 0 133 39 183 141 0
304.jpg 12 5 35 80 0 41 23 56 42 0 57 22 66 48 0 6 18 17 62 0 28 18 41 55 0
305.jpg 53 60 96 149 0 104 62 178 164 0
306.jpg 43 31 76 127 0 88 39 129 178 0
307.jpg 37 105 258 341 0
308.jpg 98 37 176 208 0
309.jpg 80 12 293 204 0
31.jpg 9 12 22 58 0
310.jpg 82 119 196 286 0
311.jpg 77 25 130 183 0 1 14 31 92 0 140 22 181 178 0
312.jpg 2 57 181 300 0
313.jpg 81 26 140 165 0
314.jpg 24 72 224 294 0
315.jpg 131 69 341 292 0
316.jpg 6 12 135 265 0
317.jpg 65 12 317 184 0 106 1 317 31 0
318.jpg 217 66 399 313 0 364 107 399 317 0
319.jpg 65 40 109 143 0 15 43 64 148 0 8 30 37 139 0 48 40 58 66 0 57 40 67 67 0 1 40 10 71 0 68 44 74 58 0 112 44 117 57 0 117 44 123 58 0 104 44 108 58 0 108 44 113 58 0 97 48 104 56 0 92 45 97 56 0
32.jpg 110 6 193 266 0
320.jpg 111 42 176 250 0
321.jpg 21 6 114 303 0 218 43 290 239 0 99 60 158 205 0 277 28 296 87 0
322.jpg 1 215 248 388 0
323.jpg 82 106 189 161 0 1 128 249 272 0 45 239 166 272 0
324.jpg 32 24 67 105 0 68 26 96 103 0
325.jpg 88 16 337 147 0 150 113 255 164 0 166 1 293 33 0
326.jpg 34 25 70 97 0
327.jpg 70 62 137 226 0 112 43 149 136 0 151 42 190 134 0 77 37 116 96 0 160 58 267 238 0
328.jpg 38 73 127 107 0
329.jpg 6 1 145 250 0 118 78 169 189 0 1 50 35 166 0
33.jpg 31 42 83 151 0 75 46 119 150 0
330.jpg 105 72 166 188 0 127 1 274 248 0 242 45 274 167 0
331.jpg 25 97 79 115 0 26 113 81 131 0
332.jpg 39 38 102 248 0 92 48 152 248 0 149 47 215 248 0 41 62 47 80 0 33 62 40 82 0 196 68 204 84 0 214 67 221 86 0 191 69 196 84 0 24 62 31 82 0 221 67 227 84 0
333.jpg 67 15 78 66 0 33 10 48 80 0 3 10 28 93 0 42 12 59 86 0 78 19 87 63 0
334.jpg 26 64 74 188 0 81 62 134 190 0 137 62 201 221 0 198 55 270 214 0
335.jpg 40 14 70 83 0
336.jpg 45 75 128 236 0 122 30 215 236 0
337.jpg 50 31 127 174 0
338.jpg 54 13 118 26 0 54 26 120 44 0
339.jpg 12 21 28 80 0 25 26 45 78 0
34.jpg 67 8 259 340 0
340.jpg 99 17 116 78 0 114 20 130 78 0
341.jpg 20 16 195 237 0
342.jpg 65 39 111 134 0
343.jpg 16 41 51 125 0 71 37 99 107 0 137 43 161 103 0
344.jpg 69 31 105 164 0 37 30 77 163 0 6 23 39 158 0
345.jpg 36 104 97 237 0 97 58 155 237 0 175 51 228 233 0 148 77 181 142 0
346.jpg 7 108 300 195 0 4 184 294 300 0 236 103 296 128 0 242 170 292 189 0
347.jpg 57 6 352 126 0 50 121 352 206 0 55 183 114 205 0 61 118 109 140 0
348.jpg 7 1 123 299 0 120 1 207 300 0 121 245 140 291 0 182 237 205 297 0
349.jpg 23 47 82 215 0 90 47 151 215 0 156 54 217 215 0 78 91 89 123 0 147 91 156 123 0 206 94 216 122 0 228 91 236 123 0 124 40 150 72 0
35.jpg 22 47 349 240 0
350.jpg 110 6 192 303 0 189 1 306 293 0 104 235 129 297 0 172 245 188 290 0
351.jpg 6 31 65 178 0 74 26 131 182 0 157 26 241 241 0
352.jpg 7 73 79 255 0 136 89 211 273 0 220 69 308 293 0 215 82 222 98 0
353.jpg 1 1 526 241 0 4 150 500 500 0
354.jpg 27 6 527 339 0 3 278 523 500 0
355.jpg 13 78 103 308 0 105 94 178 307 0 173 173 203 253 0 195 172 225 250 0 232 182 262 251 0 238 73 323 310 0 25 204 37 231 0 103 207 113 230 0 91 209 100 229 0 254 211 263 236 0 300 202 310 237 0
356.jpg 50 74 97 142 0 101 24 154 152 0 242 18 287 143 0
357.jpg 54 21 102 115 0
358.jpg 1 1 232 519 0 150 2 500 504 0
359.jpg 37 14 81 92 0
360.jpg 3 1 352 505 0 270 6 494 527 0
361.jpg 24 16 85 148 0
362.jpg 72 47 145 99 0 26 101 150 158 0 16 240 138 289 0
363.jpg 115 13 199 207 0
364.jpg 7 39 31 115 0 37 41 72 120 0 58 39 101 117 0
365.jpg 11 81 48 166 0 91 78 125 167 0 169 77 202 165 0
366.jpg 129 152 263 203 0 134 207 209 251 0 141 14 265 61 0
367.jpg 31 96 214 136 0 43 210 196 260 0
368.jpg 65 13 132 137 0
369.jpg 16 14 64 139 0 143 24 206 152 0 211 70 257 144 0
37.jpg 83 66 129 160 0
370.jpg 14 66 69 183 0 87 68 134 186 0 144 58 193 186 0 206 73 247 186 0 59 113 72 153 0 142 122 156 146 0 186 121 197 148 0 130 121 136 148 0 135 123 142 147 0 238 100 252 162 0 89 138 97 149 0 74 125 83 145 0
371.jpg 47 153 222 192 0 54 31 211 73 0
372.jpg 52 55 99 169 0 91 54 163 177 0 1 58 21 139 0
373.jpg 31 53 72 195 0 151 31 188 206 0
374.jpg 97 30 139 209 0 214 45 256 199 0
375.jpg 2 39 203 228 0
376.jpg 20 13 225 195 0
378.jpg 15 1 196 204 0
379.jpg 48 1 221 202 0
38.jpg 5 29 164 358 0
380.jpg 1 39 165 191 0 43 6 157 55 0 81 152 161 198 0
381.jpg 47 35 210 185 0 47 19 133 69 0 46 169 177 219 0
382.jpg 41 29 80 43 0 8 49 105 99 0
383.jpg 102 69 173 226 0 199 86 347 365 0
384.jpg 24 70 74 154 0 169 61 220 155 0 34 3 182 162 0
385.jpg 5 56 56 150 0 153 92 204 153 0 39 1 187 162 0
386.jpg 1 126 152 172 0
387.jpg 28 61 68 75 0 5 6 103 54 0
388.jpg 37 55 62 123 0 24 59 42 102 0 69 50 105 135 0
389.jpg 61 43 75 79 0 7 6 54 107 0
39.jpg 172 30 333 357 0
390.jpg 40 37 194 85 0
391.jpg 31 42 43 79 0 50 7 100 105 0
392.jpg 37 3 82 154 0
393.jpg 126 1 173 154 0
394.jpg 136 13 208 41 0 91 56 227 103 0 137 43 219 67 0 129 100 216 123 0 126 118 216 142 0 134 136 213 161 0 150 164 217 185 0 1 163 193 228 0 175 197 214 216 0 186 188 216 198 0
395.jpg 31 192 105 218 0 13 128 153 177 0 25 168 106 188 0 27 117 112 132 0 23 96 120 115 0 25 78 110 96 0 24 47 93 71 0 52 7 243 73 0 28 21 70 38 0 27 36 58 47 0
396.jpg 7 1 71 189 0 46 184 71 214 0 75 134 99 215 0 95 126 119 219 0 114 133 135 214 0 129 93 183 230 0 168 137 191 220 0 193 135 223 210 0 20 169 39 214 0 37 185 48 214 0
397.jpg 16 135 45 209 0 46 135 71 219 0 55 93 107 230 0 101 134 124 214 0 114 124 143 216 0 138 135 162 213 0 163 148 190 216 0 163 2 226 191 0 197 178 214 212 0 188 186 204 214 0
398.jpg 118 50 184 202 0
399.jpg 10 20 47 112 0 51 26 96 153 0 140 26 186 155 0 101 16 124 50 0 119 14 137 52 0 143 17 157 42 0 41 16 61 88 0 1 14 13 70 0 159 16 169 28 0 105 48 138 95 0 73 18 84 28 0
40.jpg 2 165 340 333 0
400.jpg 74 39 153 276 0
401.jpg 35 19 123 235 0
402.jpg 52 109 200 188 0
403.jpg 79 116 225 200 0
404.jpg 34 32 72 114 0 99 31 131 105 0 50 30 70 101 0
405.jpg 9 13 36 79 0 33 11 62 82 0 70 4 99 102 0 147 18 163 57 0 148 8 239 236 0 164 18 183 45 0
406.jpg 32 43 72 126 0 82 33 108 115 0 116 44 134 88 0 132 46 148 87 0
407.jpg 109 1 187 148 0 20 14 28 41 0
408.jpg 8 6 22 41 0 2 16 11 35 0 36 5 51 44 0
409.jpg 21 14 64 109 0
41.jpg 49 213 407 319 0 65 68 406 202 0
410.jpg 37 47 61 107 0 55 45 80 108 0 96 52 116 107 0
411.jpg 66 170 145 358 0
412.jpg 85 59 118 150 0
413.jpg 127 63 192 250 0
414.jpg 54 71 140 344 0 149 75 249 357 0 288 87 389 349 0 5 105 73 323 0
415.jpg 44 40 122 211 0 61 33 273 274 0
416.jpg 40 45 84 183 0 69 39 95 120 0 175 22 198 74 0
417.jpg 87 62 145 193 0
418.jpg 92 43 171 218 0
419.jpg 62 66 145 266 0 216 66 294 243 0 102 63 148 232 0
42.jpg 61 323 404 443 0 46 199 411 289 0
420.jpg 64 40 175 321 0
421.jpg 70 84 116 188 0 240 50 339 286 0 342 57 436 284 0
422.jpg 197 84 272 297 0
423.jpg 63 53 174 417 0
424.jpg 106 51 196 235 0
425.jpg 59 36 150 209 0
426.jpg 77 55 121 203 0 101 57 186 260 0
427.jpg 25 25 43 84 0 84 24 108 99 0
428.jpg 133 88 180 213 0 254 94 300 222 0
429.jpg 5 54 28 110 0 34 55 66 112 0
430.jpg 24 106 60 233 0 60 109 96 227 0 92 116 119 187 0 211 111 244 204 0
431.jpg 156 71 380 493 0
432.jpg 13 83 57 154 0 134 88 168 155 0
433.jpg 35 48 70 128 0 77 53 117 135 0
434.jpg 40 51 150 314 0 202 89 272 197 0 307 100 324 138 0
435.jpg 27 6 174 75 0 132 159 161 167 0
436.jpg 268 111 416 547 0
437.jpg 52 121 134 307 0 153 113 225 306 0 222 141 307 285 0 362 119 470 323 0
438.jpg 16 54 75 187 0 78 76 112 136 0 101 4 291 320 0 17 85 31 120 0 275 90 305 136 0
439.jpg 70 39 566 648 0
44.jpg 15 18 42 67 0 41 17 59 68 0
440.jpg 21 74 146 459 0 83 70 190 372 0 159 79 252 380 0 317 69 451 409 0 237 90 309 290 0
441.jpg 76 48 131 150 0
442.jpg 23 34 51 112 0 69 39 103 112 0 98 26 120 112 0
443.jpg 20 51 78 209 0 111 29 164 161 0
444.jpg 15 97 133 323 0 173 63 323 323 0
445.jpg 75 93 250 563 0 116 104 315 562 0 44 189 132 405 0 515 207 551 401 0
446.jpg 130 66 209 250 0
447.jpg 90 60 211 351 0 204 37 300 351 0
448.jpg 9 44 55 191 0 52 45 94 196 0 91 46 140 196 0 138 54 182 197 0
449.jpg 9 29 66 191 0 48 27 88 169 0 116 26 160 175 0 150 32 194 177 0 1 39 14 167 0
45.jpg 16 16 198 101 0
451.jpg 27 33 112 207 0
452.jpg 54 30 109 153 0
453.jpg 10 9 60 102 0
454.jpg 53 20 97 128 0
455.jpg 52 81 89 180 0 101 80 136 182 0
456.jpg 32 23 55 117 0
457.jpg 17 21 52 109 0 112 23 134 76 0 80 31 120 78 0
458.jpg 201 154 372 435 0 402 121 539 464 0
459.jpg 18 55 46 121 0 57 34 116 165 0 134 33 180 159 0
46.jpg 3 82 179 178 0
460.jpg 14 21 139 66 0
461.jpg 55 69 78 157 0 68 72 112 183 0 111 90 143 180 0 129 78 155 178 0 153 68 186 161 0 198 70 229 160 0
462.jpg 45 65 93 184 0 106 68 149 185 0 103 56 125 86 0 168 31 191 61 0 179 46 207 129 0 132 38 164 75 0
463.jpg 66 50 147 86 0 55 22 148 59 0
464.jpg 11 68 75 260 0 68 31 146 262 0
465.jpg 15 161 136 536 0 97 108 235 580 0 184 106 386 591 0 331 246 383 516 0 372 301 418 505 0 426 295 490 502 0 496 299 561 498 0 553 261 639 501 0
466.jpg 64 64 140 293 0 145 49 230 286 0
467.jpg 12 42 66 173 0
468.jpg 97 61 170 240 0
469.jpg 632 161 1012 1461 0 968 320 1151 781 0 1061 376 1200 668 0 417 456 490 637 0 922 408 1001 620 0 5 482 68 640 0
47.jpg 15 3 99 181 0
470.jpg 41 262 161 553 0 226 202 406 670 0 640 192 791 577 0
471.jpg 10 458 127 911 0 87 452 222 853 0 295 422 476 873 0 431 453 536 807 0 530 450 656 744 0 720 380 887 850 0
472.jpg 9 31 48 151 0 70 39 104 150 0 111 59 148 149 0
473.jpg 45 39 83 149 0 90 39 139 149 0
474.jpg 7 28 52 141 0 43 22 74 140 0 113 26 158 141 0
475.jpg 52 36 87 145 0 87 34 135 152 0
476.jpg 35 20 116 335 0 105 22 199 332 0 174 10 197 68 0 199 13 217 68 0 144 16 172 66 0
477.jpg 8 73 138 116 0
478.jpg 1 49 41 142 0 22 46 71 137 0
479.jpg 18 82 48 171 0 95 80 122 167 0 132 83 170 173 0
48.jpg 53 29 107 152 0
480.jpg 105 26 220 256 0
481.jpg 4 101 76 216 0 206 134 253 239 0
482.jpg 56 37 116 157 0
483.jpg 21 25 126 252 0 108 24 166 201 0
484.jpg 112 39 178 268 0
485.jpg 24 150 118 401 0 83 86 251 382 0 230 167 332 395 0 343 211 391 354 0 378 223 435 353 0
486.jpg 5 29 72 189 0 77 50 138 192 0
487.jpg 78 73 121 174 0 121 73 183 193 0
488.jpg 15 37 67 170 0 125 53 187 146 0
489.jpg 98 76 150 211 0 206 91 272 185 0
49.jpg 80 24 103 82 0 101 26 129 83 0
490.jpg 8 24 69 253 0 65 44 112 152 0 154 39 254 281 0
491.jpg 18 27 118 274 0
492.jpg 194 74 383 567 0
493.jpg 183 89 283 278 0
494.jpg 54 34 152 221 0 177 27 268 311 0 246 85 302 309 0
495.jpg 54 34 164 278 0
496.jpg 232 63 401 492 0 405 132 455 204 0
497.jpg 107 49 189 271 0
498.jpg 56 33 75 80 0 6 34 15 58 0 73 30 95 81 0
499.jpg 37 27 123 307 0
5.jpg 86 17 176 198 0
50.jpg 21 84 118 121 0 15 61 119 109 0 11 26 120 62 0
500.jpg 1 35 68 189 0 76 41 142 189 0 3 57 15 84 0
501.jpg 10 73 49 195 0 54 78 96 194 0 88 79 148 223 0 142 68 206 223 0 1 92 12 124 0
502.jpg 198 61 389 392 0
503.jpg 263 170 458 503 0
504.jpg 20 77 51 146 0 132 30 173 127 0
505.jpg 48 71 63 106 0 106 27 136 97 0
506.jpg 66 22 107 119 0
507.jpg 27 110 105 313 0 250 187 271 233 0 274 158 331 275 0
508.jpg 42 36 123 254 0 266 115 284 160 0
509.jpg 91 91 106 134 0 115 59 175 177 0
51.jpg 184 102 277 287 0 302 202 350 287 0 327 206 338 222 0
510.jpg 3 39 20 83 0 26 7 86 125 0
511.jpg 5 47 47 133 0 52 18 93 133 0 85 29 116 135 0
512.jpg 34 34 83 161 0 99 74 146 160 0
513.jpg 63 21 103 138 0
514.jpg 59 45 99 160 0 129 46 160 163 0
515.jpg 11 70 55 186 0 46 80 77 186 0 174 72 214 187 0
516.jpg 246 50 345 350 0
517.jpg 31 46 122 264 0
518.jpg 57 56 160 356 0 190 103 274 322 0
519.jpg 293 239 392 545 0 425 285 513 507 0
52.jpg 30 12 62 121 0 66 21 106 117 0 85 24 119 116 0
520.jpg 47 48 149 347 0 178 97 266 316 0
521.jpg 15 28 99 246 0
522.jpg 35 29 71 140 0 169 30 181 90 0
523.jpg 110 103 199 344 0 189 109 278 340 0 77 126 92 185 0
524.jpg 16 70 75 227 0 107 47 161 186 0
525.jpg 272 86 377 363 0
526.jpg 19 42 73 177 0 177 52 249 253 0 224 62 320 265 0 173 52 207 98 0
527.jpg 20 22 164 268 0
528.jpg 48 35 163 262 0
529.jpg 9 87 113 295 0 171 53 305 295 0
53.jpg 2 9 41 101 0 17 7 62 106 0 59 2 95 109 0
530.jpg 28 35 89 172 0 96 38 154 181 0 133 19 169 171 0 86 35 100 70 0 98 35 112 71 0 166 34 181 77 0 8 39 18 61 0 18 38 26 59 0 76 39 85 60 0 160 39 166 47 0 45 40 52 57 0 27 42 34 59 0
531.jpg 42 50 102 188 0 108 52 169 197 0 145 36 183 186 0 100 51 113 84 0 112 51 124 84 0 22 55 30 76 0 31 54 43 74 0 88 54 98 76 0 173 54 179 67 0
532.jpg 23 13 74 141 0 3 18 21 64 0 74 16 87 48 0 64 18 74 43 0 23 16 34 36 0 91 17 101 43 0 56 14 123 144 0
533.jpg 70 10 117 138 0
534.jpg 9 14 25 64 0 24 15 41 63 0 45 16 62 63 0 67 11 114 140 0 106 15 117 40 0 116 16 127 46 0 63 15 76 64 0
535.jpg 73 35 104 121 0
536.jpg 4 23 43 119 0 54 13 92 145 0
537.jpg 78 82 110 170 0 107 78 150 175 0 160 70 198 203 0 135 88 151 162 0
538.jpg 23 263 146 554 0 213 202 389 660 0 626 194 785 574 0
539.jpg 38 614 225 1073 0 169 651 278 997 0 275 644 395 940 0 469 573 651 1047 0 883 575 1038 954 0
54.jpg 314 51 451 396 0
540.jpg 47 159 229 615 0 178 202 282 539 0 287 196 410 478 0 478 128 649 592 0
541.jpg 7 33 179 500 0 136 78 238 410 0 238 65 360 354 0 407 4 607 466 0 839 3 1003 378 0
542.jpg 1 54 40 148 0 21 52 71 143 0
543.jpg 6 12 47 104 0 28 9 78 100 0
544.jpg 18 19 45 107 0 54 22 95 113 0 76 19 125 112 0
545.jpg 14 44 67 177 0 191 74 232 229 0
546.jpg 2 87 46 225 0 59 90 112 224 0
547.jpg 42 40 109 224 0
548.jpg 146 61 215 259 0
549.jpg 17 6 85 198 0
55.jpg 131 35 170 144 0
550.jpg 2 30 55 190 0 36 26 77 168 0 105 27 148 173 0 137 35 180 173 0
551.jpg 28 35 103 225 0
552.jpg 75 86 146 288 0 141 83 199 242 0 178 83 243 268 0 246 77 303 157 0
553.jpg 93 30 135 168 0 123 25 148 105 0
554.jpg 58 28 89 127 0
555.jpg 76 21 114 131 0
556.jpg 38 60 83 174 0
557.jpg 29 31 67 151 0 88 39 124 151 0
558.jpg 57 20 96 117 0 105 20 142 117 0
559.jpg 2 23 38 124 0
56.jpg 92 34 131 143 0
560.jpg 37 107 114 296 0 34 231 55 274 0
561.jpg 200 94 274 282 0 196 213 218 257 0 143 239 157 259 0
562.jpg 126 79 203 267 0 122 201 142 243 0 69 225 81 244 0
563.jpg 178 93 254 290 0
564.jpg 8 41 60 201 0 40 44 105 221 0 117 37 159 96 0
565.jpg 101 272 174 481 0 167 271 222 430 0 204 269 271 461 0 281 264 322 322 0
566.jpg 97 22 118 117 0
567.jpg 10 41 34 135 0
568.jpg 25 60 76 255 0 82 64 143 255 0 152 65 214 255 0 1 17 37 254 0
569.jpg 13 86 80 284 0 90 88 148 284 0 146 54 223 290 0
57.jpg 8 21 62 176 0 90 23 136 160 0
570.jpg 2 12 69 249 0
571.jpg 72 59 145 230 0
572.jpg 27 29 98 204 0 114 49 172 180 0 108 54 133 116 0
573.jpg 31 71 105 244 0 173 75 244 249 0
574.jpg 17 42 89 217 0 104 63 162 195 0 162 48 298 248 0 99 65 125 106 0
575.jpg 68 79 131 276 0 154 75 234 291 0 283 141 312 207 0
576.jpg 13 26 122 386 0 111 67 210 368 0 291 116 352 313 0
577.jpg 9 36 154 359 0 109 15 299 387 0 264 92 297 314 0 285 89 317 358 0
578.jpg 117 24 178 222 0
579.jpg 7 5 90 219 0 136 73 166 142 0 189 72 225 146 0 187 79 203 136 0 223 72 241 144 0
58.jpg 23 89 130 128 0
580.jpg 13 9 42 99 0 50 9 83 100 0 42 30 49 49 0 69 4 82 21 0
581.jpg 21 17 109 281 0 125 23 218 283 0 1 86 15 135 0 71 3 110 53 0 110 83 127 135 0 204 92 217 134 0 239 86 253 134 0
582.jpg 9 29 95 289 0 150 17 238 279 0 117 92 137 142 0 86 99 99 140 0 3 87 14 103 0
583.jpg 38 162 132 431 0 146 163 243 431 0 254 174 350 431 0 399 157 483 423 0 127 227 148 286 0 362 234 388 285 0 238 232 256 285 0 482 236 498 297 0 333 239 346 281 0 202 151 239 201 0
584.jpg 84 27 140 171 0
585.jpg 148 56 204 201 0
586.jpg 9 7 118 362 0 105 20 211 360 0 1 9 31 97 0 21 1 97 65 0 106 1 190 81 0
587.jpg 14 24 104 356 0 1 67 28 357 0 297 104 365 327 0 320 23 365 134 0 4 1 90 80 0
588.jpg 121 2 314 363 0 1 64 58 354 0 306 1 335 57 0
589.jpg 19 35 99 232 0 69 57 184 273 0 83 13 162 125 0 169 17 251 132 0 180 75 271 273 0
59.jpg 14 20 32 73 0
590.jpg 6 69 90 266 0 71 46 147 145 0 154 55 248 167 0 51 92 182 337 0 154 105 257 337 0 307 26 343 106 0 161 29 189 88 0
591.jpg 4 11 93 126 0 11 65 104 398 0 157 1 188 66 0 262 1 304 75 0 299 146 369 368 0 321 63 369 179 0 1 111 34 398 0
592.jpg 15 13 31 67 0 35 13 54 67 0 6 19 13 35 0 51 23 59 69 0
593.jpg 1 24 76 264 0 71 11 160 263 0 172 19 261 265 0 70 39 87 72 0
594.jpg 2 55 92 312 0 104 66 193 314 0 294 78 321 134 0 274 81 293 136 0 2 87 19 129 0 268 91 283 136 0
595.jpg 2 20 54 182 0 42 21 124 258 0 118 8 209 259 0 118 36 135 70 0
596.jpg 2 157 68 390 0 67 141 156 390 0 171 151 262 390 0 341 170 361 222 0 363 165 383 224 0 68 173 83 212 0 331 179 349 220 0
597.jpg 15 74 106 324 0 176 98 192 147 0 186 99 203 145 0 202 92 229 145 0
598.jpg 14 1 91 207 0 71 22 125 206 0 123 22 185 206 0 1 26 19 107 0 73 22 93 73 0
599.jpg 6 114 95 393 0 96 31 281 503 0 286 94 435 503 0 270 94 331 271 0 443 160 475 353 0
6.jpg 26 10 42 59 0
60.jpg 21 13 72 30 0
600.jpg 16 7 177 464 0 176 15 343 464 0 9 5 66 181 0
601.jpg 24 21 65 125 0 72 16 113 131 0 66 30 86 95 0
602.jpg 21 14 73 138 0
603.jpg 28 136 213 224 0 165 206 205 235 0
604.jpg 17 18 214 100 0 28 8 66 33 0
605.jpg 4 121 37 204 0 19 26 109 216 0
606.jpg 54 31 109 172 0 101 73 145 172 0
607.jpg 43 71 88 168 0 78 31 133 169 0
608.jpg 28 10 80 148 0 73 51 115 148 0
609.jpg 134 26 218 214 0 207 115 237 203 0
61.jpg 32 26 52 86 0 80 33 112 120 0 69 26 87 85 0
610.jpg 45 11 134 206 0
611.jpg 47 53 133 253 0 172 122 210 202 0 205 125 238 203 0 248 131 301 263 0 287 78 368 263 0
612.jpg 23 58 76 188 0 62 5 139 188 0 1 57 9 110 0
613.jpg 54 30 109 177 0 100 30 158 168 0
614.jpg 94 9 148 154 0
615.jpg 5 23 60 161 0
616.jpg 4 25 60 176 0 53 29 105 164 0
617.jpg 4 38 35 137 0 36 28 80 137 0 101 43 136 135 0 25 33 39 50 0 69 38 78 73 0 78 36 87 75 0 94 46 100 70 0 99 33 106 70 0 108 35 114 49 0 113 34 120 45 0 122 28 136 91 0
618.jpg 2 21 49 129 0 70 35 104 125 0 91 18 123 106 0 1 25 10 94 0 37 29 47 68 0 45 27 56 66 0 62 36 70 62 0 67 25 74 62 0 74 26 81 44 0 79 26 87 35 0 118 26 128 67 0
619.jpg 18 46 48 138 0 37 31 69 116 0 68 60 125 186 0 102 33 137 134 0 126 22 186 184 0 74 48 103 89 0 7 49 17 75 0 13 37 22 61 0 20 39 27 59 0 27 38 34 48 0 61 37 79 77 0
62.jpg 27 10 56 94 0 86 43 112 105 0 55 42 76 100 0
620.jpg 6 73 66 200 0 43 49 75 152 0 68 37 130 201 0 152 37 195 175 0 15 61 46 96 0 113 73 141 178 0 3 52 19 95 0
621.jpg 3 29 65 194 0 90 30 132 167 0 128 31 184 206 0 51 64 76 170 0
622.jpg 5 66 84 105 0 5 114 37 138 0 82 114 144 139 0
623.jpg 86 56 119 120 0
624.jpg 20 7 56 74 0
625.jpg 29 7 63 73 0
626.jpg 48 24 82 91 0
627.jpg 45 26 73 101 0 75 64 90 85 0 92 59 103 85 0 41 45 54 89 0 61 48 76 88 0
628.jpg 81 62 157 102 0 19 29 82 54 0 127 29 160 56 0
629.jpg 31 3 54 37 0 62 7 98 80 0 30 87 54 145 0
63.jpg 25 31 86 54 0 24 63 87 85 0 30 86 120 114 0
630.jpg 11 5 40 79 0 43 43 57 64 0 59 37 74 66 0 8 26 20 68 0 30 25 41 67 0 76 38 84 69 0
631.jpg 69 3 105 83 0 112 5 139 36 0 113 87 140 144 0
632.jpg 15 8 213 260 0 160 48 271 260 0
633.jpg 120 65 297 312 0 272 102 309 312 0
634.jpg 39 36 245 284 0 194 73 300 284 0
635.jpg 8 15 160 263 0 1 75 52 145 0 124 94 165 218 0
636.jpg 109 31 260 280 0 99 92 150 200 0 229 109 272 230 0
637.jpg 12 69 70 196 0 153 81 201 203 0
638.jpg 90 49 129 172 0 136 40 193 168 0
639.jpg 24 112 161 151 0
640.jpg 142 34 205 191 0
641.jpg 70 15 132 171 0
642.jpg 28 35 86 191 0
643.jpg 16 17 32 64 0
644.jpg 191 65 383 398 0
645.jpg 71 57 187 405 0 218 49 333 408 0
646.jpg 16 25 156 61 0
647.jpg 12 16 103 198 0
648.jpg 26 23 62 162 0
649.jpg 89 50 130 158 0
65.jpg 7 25 41 100 0 101 13 140 96 0
650.jpg 116 25 153 159 0
651.jpg 32 25 55 87 0 66 25 90 88 0 81 32 112 119 0
652.jpg 3 29 54 116 0 108 29 142 97 0
653.jpg 4 40 35 136 0 54 39 95 144 0
654.jpg 10 21 53 163 0
655.jpg 54 101 125 272 0 160 25 300 392 0 125 120 182 278 0 328 181 356 231 0 155 187 187 274 0 79 106 118 269 0
656.jpg 27 16 55 123 0
657.jpg 1 82 56 255 0 73 27 148 280 0 112 45 169 242 0 168 86 235 261 0 248 13 263 43 0 113 12 127 33 0 174 27 188 44 0
658.jpg 25 61 148 118 0
659.jpg 105 28 219 332 0 227 31 321 334 0
66.jpg 111 28 138 98 0 16 28 46 117 0
660.jpg 15 141 65 262 0 148 129 206 252 0 200 137 257 258 0
661.jpg 29 55 76 214 0 151 46 192 222 0
662.jpg 16 21 58 135 0
663.jpg 27 54 166 104 0
664.jpg 32 27 55 92 0 53 25 82 90 0
665.jpg 66 23 117 148 0
666.jpg 61 10 182 300 0
667.jpg 45 49 80 126 0 88 37 127 125 0 86 40 96 60 0 123 41 131 62 0 77 39 85 57 0
668.jpg 13 37 52 125 0 61 48 96 125 0 2 38 10 60 0 10 39 18 60 0 56 39 64 55 0
669.jpg 20 49 48 121 0 103 59 138 136 0 1 49 18 144 0 62 50 72 74 0 134 50 143 67 0
67.jpg 27 111 102 137 0 31 6 107 47 0
670.jpg 43 28 146 230 0 123 34 229 230 0 223 63 256 136 0 14 64 36 109 0 35 63 57 109 0 199 60 219 90 0
671.jpg 19 46 110 240 0 96 41 211 240 0 178 71 199 119 0 199 75 221 119 0 238 69 258 120 0 17 71 35 102 0 6 45 83 161 0
672.jpg 25 82 47 131 0 46 83 66 130 0 26 47 150 251 0 130 54 221 251 0 233 86 264 159 0 207 80 230 110 0 168 55 237 171 0
673.jpg 57 34 110 188 0
674.jpg 27 3 75 145 0 82 15 112 108 0 103 20 132 99 0 197 21 220 98 0 132 45 196 245 0 12 14 35 98 0 69 21 89 100 0 134 17 155 83 0 161 18 187 59 0 1 31 10 92 0 218 25 230 85 0 155 18 169 45 0
675.jpg 41 44 106 245 0 13 21 45 98 0 125 20 155 108 0 161 4 210 143 0 104 17 130 96 0 53 19 75 56 0 81 16 104 71 0 203 15 227 98 0 7 25 24 83 0 68 19 82 47 0 147 22 167 98 0
676.jpg 32 12 78 152 0 94 34 122 106 0 126 28 157 124 0 142 26 179 188 0 1 27 19 117 0 12 27 37 108 0 67 23 92 106 0
677.jpg 18 69 135 110 0
678.jpg 1 32 42 203 0 22 36 56 141 0 58 39 87 114 0 99 20 148 160 0 144 37 167 116 0 89 31 113 114 0
679.jpg 33 35 65 108 0 1 29 25 126 0 59 23 86 105 0 72 13 125 153 0 119 30 141 106 0 1 51 15 160 0 136 27 147 116 0
68.jpg 81 29 156 183 0 33 1 67 100 0
680.jpg 39 25 117 163 0
681.jpg 12 24 137 65 0
682.jpg 22 12 66 134 0
683.jpg 71 16 115 135 0
684.jpg 19 15 113 229 0 7 32 40 119 0
685.jpg 67 80 106 158 0 114 20 139 80 0 115 126 138 160 0
686.jpg 92 49 117 116 0
687.jpg 81 9 214 63 0 9 157 206 234 0
688.jpg 23 16 62 155 0
689.jpg 78 26 186 206 0
69.jpg 25 9 98 40 0 13 98 99 142 0
690.jpg 47 28 156 205 0
691.jpg 38 78 94 218 0 168 60 269 239 0
692.jpg 8 31 114 210 0 188 48 243 189 0
693.jpg 68 56 122 196 0
694.jpg 17 10 161 214 0
695.jpg 19 182 152 229 0 34 7 225 85 0
696.jpg 106 39 137 127 0
697.jpg 48 35 77 124 0
698.jpg 33 6 63 93 0
699.jpg 27 19 54 109 0
7.jpg 80 50 103 111 0 101 49 126 111 0
70.jpg 43 3 79 102 0 100 5 129 102 0
700.jpg 7 31 92 223 0 181 18 229 150 0
701.jpg 22 24 69 191 0
702.jpg 7 83 57 216 0 157 9 232 201 0
703.jpg 9 22 112 300 0 86 45 168 282 0 121 43 218 303 0 189 44 243 280 0 243 101 268 285 0
704.jpg 9 49 65 134 0
705.jpg 33 65 72 153 0 97 22 138 166 0 116 30 154 162 0 72 118 78 141 0 67 118 72 141 0 60 118 66 142 0 39 123 46 141 0
706.jpg 17 38 188 301 0 146 89 295 301 0
707.jpg 58 7 142 165 0
708.jpg 12 38 63 60 0 13 59 59 79 0
709.jpg 39 48 89 71 0 41 31 89 48 0
71.jpg 2 41 103 79 0 9 98 102 126 0
710.jpg 31 89 113 247 0 97 24 205 250 0 209 42 223 64 0 192 39 206 64 0 162 41 177 61 0 177 41 193 63 0
711.jpg 4 100 75 295 0 75 87 164 295 0 156 15 266 299 0
712.jpg 8 86 61 238 0 70 80 124 237 0 123 88 176 234 0 163 88 200 188 0 205 85 241 187 0 115 96 128 118 0 241 98 254 128 0
713.jpg 72 33 121 143 0 88 36 138 146 0
714.jpg 71 23 122 133 0 83 23 136 129 0
715.jpg 62 25 115 130 0 78 26 127 136 0
716.jpg 81 17 133 128 0 92 18 146 124 0
717.jpg 21 29 104 247 0 130 33 188 182 0 200 38 256 181 0
718.jpg 36 11 60 63 0 60 12 79 61 0
719.jpg 120 52 183 279 0 169 52 243 279 0 221 45 240 89 0 241 46 253 86 0 201 47 220 84 0 247 37 264 72 0
72.jpg 39 54 144 92 0 41 5 138 36 0
720.jpg 137 36 211 260 0 199 36 256 265 0 125 29 138 69 0 114 19 127 41 0 140 29 154 69 0 158 32 176 63 0
721.jpg 136 51 196 278 0 182 51 254 276 0 237 45 255 85 0 214 48 235 81 0 255 44 269 86 0 265 35 279 54 0
722.jpg 128 15 195 240 0 183 15 249 239 0 128 8 145 50 0 147 12 166 41 0 113 8 127 48 0
723.jpg 34 9 136 225 0
724.jpg 28 8 74 117 0
725.jpg 83 18 129 130 0
726.jpg 83 44 128 155 0
727.jpg 120 17 167 126 0
729.jpg 23 51 111 81 0
73.jpg 32 49 93 71 0 43 15 109 35 0
730.jpg 30 15 70 126 0
731.jpg 55 24 92 135 0
732.jpg 80 25 118 135 0
733.jpg 50 38 80 124 0
734.jpg 28 41 52 89 0 44 34 69 91 0
735.jpg 10 26 34 81 0 26 33 51 83 0
736.jpg 37 36 54 89 0 50 42 68 92 0 64 34 82 96 0
737.jpg 75 39 106 127 0
738.jpg 138 26 181 194 0
739.jpg 37 30 75 142 0
74.jpg 26 35 88 55 0 13 67 76 92 0
740.jpg 138 27 182 192 0
741.jpg 136 25 177 191 0
742.jpg 24 33 51 107 0 81 40 109 106 0
743.jpg 24 24 47 67 0 58 18 109 122 0
744.jpg 36 14 93 194 0 93 8 166 215 0 172 22 211 143 0 96 22 115 49 0 22 38 39 98 0
745.jpg 14 50 52 169 0 73 43 124 190 0 106 36 156 170 0 1 83 8 173 0
746.jpg 17 29 54 149 0 61 14 136 219 0 129 19 193 198 0 116 26 133 56 0
747.jpg 26 34 76 169 0 54 43 111 187 0 129 49 167 168 0
748.jpg 139 25 176 194 0
749.jpg 27 45 56 122 0 84 45 111 106 0 118 49 125 74 0
75.jpg 35 23 57 87 0 68 12 96 77 0
750.jpg 8 34 35 95 0 65 33 90 111 0 90 37 102 51 0 101 36 110 50 0
751.jpg 17 20 43 82 0 51 23 66 54 0
752.jpg 73 16 99 97 0 83 17 139 145 0
753.jpg 15 27 68 155 0 52 25 82 107 0
754.jpg 28 16 56 96 0 40 15 91 143 0
755.jpg 57 9 113 136 0 94 8 125 88 0
756.jpg 20 40 81 146 0
758.jpg 25 10 301 110 0 44 110 282 158 0 37 151 304 206 0 38 194 284 236 0 94 244 287 268 0
759.jpg 37 32 78 152 0 81 29 116 153 0
76.jpg 35 33 57 91 0 72 42 92 105 0
760.jpg 74 45 213 237 0 218 184 248 237 0
761.jpg 24 22 71 142 0
762.jpg 7 8 113 281 0 93 7 161 263 0 154 6 209 263 0 194 155 243 259 0 244 20 268 206 0
763.jpg 20 20 145 242 0 138 109 184 232 0 195 105 245 233 0
764.jpg 36 14 281 299 0
765.jpg 55 22 99 123 0
766.jpg 50 31 132 61 0
767.jpg 19 36 168 309 0 161 59 235 259 0 240 57 299 192 0
768.jpg 20 49 91 173 0 95 46 153 181 0 229 54 278 174 0
769.jpg 36 58 93 196 0 102 63 171 255 0 163 36 317 311 0
77.jpg 65 26 100 111 0
770.jpg 14 49 64 169 0 138 42 196 176 0 203 47 271 243 0
771.jpg 120 18 174 160 0
772.jpg 51 35 117 151 0 129 20 187 162 0
773.jpg 12 40 84 157 0
774.jpg 31 36 85 178 0 97 50 169 167 0
775.jpg 15 18 72 158 0
776.jpg 6 68 81 268 0 147 87 248 295 0 242 66 337 309 0
777.jpg 94 57 142 168 0
778.jpg 78 62 147 185 0 101 49 165 170 0 156 59 194 166 0 145 64 165 126 0
779.jpg 37 39 79 148 0 66 32 129 149 0 84 42 154 166 0 67 47 86 107 0
78.jpg 62 67 149 102 0
780.jpg 12 46 79 169 0 35 36 98 155 0 87 45 129 154 0 81 49 96 113 0
781.jpg 75 53 121 160 0 106 42 169 163 0 123 56 194 177 0 108 60 123 119 0
782.jpg 49 84 134 116 0
783.jpg 100 58 133 194 0 125 56 176 196 0
784.jpg 78 50 137 191 0 126 50 198 178 0 164 70 202 138 0
785.jpg 9 56 71 184 0 66 56 132 197 0 1 57 42 160 0
786.jpg 79 68 148 214 0 135 69 206 202 0 173 67 265 228 0
787.jpg 83 11 120 96 0
788.jpg 17 62 104 223 0 71 65 133 192 0 131 64 190 207 0
789.jpg 16 44 72 152 0 43 41 104 154 0 97 26 133 160 0 84 31 196 168 0
79.jpg 25 76 110 111 0
790.jpg 49 29 101 179 0
791.jpg 18 24 71 195 0
792.jpg 124 10 179 182 0
793.jpg 20 26 138 190 0 149 46 179 84 0 63 43 78 81 0 117 46 127 62 0
794.jpg 43 47 113 212 0 131 41 185 138 0
795.jpg 37 63 104 160 0 118 61 162 150 0
796.jpg 85 38 136 180 0 143 32 178 135 0
797.jpg 19 20 131 178 0
798.jpg 101 19 216 177 0
799.jpg 83 51 196 212 0
8.jpg 7 2 100 39 0 6 28 104 62 0 2 60 109 97 0
80.jpg 62 77 148 111 0
800.jpg 41 60 154 221 0
801.jpg 15 62 88 265 0 40 32 194 265 0 243 109 291 265 0 135 138 169 264 0
802.jpg 14 101 58 257 0 109 24 264 257 0 216 56 290 257 0 134 128 173 256 0
803.jpg 32 70 82 227 0 91 33 205 227 0 175 70 215 226 0
804.jpg 11 37 126 230 0 141 74 186 230 0 2 76 46 230 0
805.jpg 23 41 66 140 0 71 42 117 149 0 98 30 124 140 0 66 42 76 65 0 74 42 84 64 0 121 39 132 71 0 57 43 64 59 0 9 44 14 58 0 14 44 21 59 0 34 45 39 56 0 23 45 28 59 0
806.jpg 71 8 141 264 0
807.jpg 54 44 117 246 0
808.jpg 1 46 82 215 0 122 66 204 197 0 162 10 275 303 0 1 28 21 98 0
809.jpg 41 25 70 95 0
81.jpg 36 10 84 132 0 82 12 118 135 0
810.jpg 10 61 112 237 0 86 42 120 133 0 126 42 163 136 0 140 57 202 225 0 159 32 202 92 0
811.jpg 15 48 80 248 0 72 49 135 248 0 119 42 189 248 0 23 68 30 85 0 194 61 204 81 0 180 62 186 81 0
812.jpg 2 23 64 160 0 61 23 99 123 0 82 12 116 136 0 98 32 131 166 0 128 34 156 117 0
813.jpg 6 34 35 118 0 30 32 68 166 0 46 12 78 137 0 70 23 99 122 0 97 23 160 161 0
814.jpg 24 9 67 151 0 68 19 85 66 0 84 17 99 64 0 106 13 127 83 0 117 10 135 78 0 20 29 37 101 0
815.jpg 7 15 21 84 0 17 15 34 88 0 39 21 58 71 0 56 25 71 73 0 71 15 118 157 0 115 26 130 75 0 141 28 152 77 0 104 33 121 75 0
816.jpg 23 55 91 212 0 96 62 154 219 0 158 61 212 185 0 217 64 266 187 0
817.jpg 35 33 116 233 0 116 77 195 234 0
818.jpg 81 14 252 237 0
819.jpg 18 43 42 103 0 84 37 107 106 0 130 41 162 120 0
82.jpg 33 87 153 131 0 30 51 153 85 0
820.jpg 67 32 112 155 0 42 31 81 130 0 108 24 145 160 0
821.jpg 14 85 99 117 0
822.jpg 32 18 85 183 0 98 17 155 186 0 85 61 96 93 0 151 60 163 92 0 132 9 155 41 0
823.jpg 8 20 64 187 0 77 21 132 189 0 1 63 10 96 0 10 13 29 42 0 65 65 77 96 0 150 68 160 95 0
824.jpg 13 28 70 191 0 104 19 156 183 0 2 64 9 96 0 9 62 16 96 0 62 68 71 95 0 83 67 93 97 0
825.jpg 21 53 83 217 0 89 47 146 215 0 159 49 217 214 0 1 91 10 124 0 23 96 30 122 0 75 88 82 121 0 81 91 90 122 0 89 40 112 73 0 148 92 159 123 0
826.jpg 5 14 52 178 0 89 24 151 185 0 67 62 77 93 0 88 66 97 92 0 142 59 149 92 0 148 61 157 91 0
827.jpg 12 35 91 245 0 121 39 175 189 0 188 43 239 187 0
828.jpg 15 63 99 275 0 85 44 175 270 0 178 64 255 271 0 99 168 110 197 0 177 172 187 194 0
829.jpg 4 36 78 243 0 82 18 168 244 0 156 37 240 247 0 1 138 11 187 0 70 147 78 170 0 83 148 91 169 0 148 143 157 171 0
83.jpg 13 36 132 83 0 14 81 137 113 0
830.jpg 4 40 80 248 0 70 115 98 193 0 92 115 118 194 0 127 126 156 194 0 134 15 220 251 0 150 154 161 177 0 197 146 206 179 0 111 152 127 171 0 2 150 10 173 0
831.jpg 3 11 85 243 0 62 119 89 187 0 101 109 127 185 0 119 111 151 185 0 140 34 217 240 0 11 136 24 174 0 57 148 70 172 0 91 144 108 166 0 209 144 219 167 0
832.jpg 1 113 31 190 0 22 113 49 190 0 60 122 87 191 0 66 15 149 245 0 141 25 222 247 0 43 147 59 167 0 81 151 91 175 0 127 140 137 174 0
833.jpg 9 74 95 308 0 71 183 99 249 0 111 174 138 250 0 131 175 157 249 0 149 99 226 305 0 230 80 320 304 0 22 202 32 237 0 68 214 78 236 0 97 208 116 229 0 219 207 228 232 0 232 210 241 230 0 295 205 306 231 0 306 129 332 235 0
834.jpg 21 31 101 252 0 92 20 177 251 0 156 129 183 195 0 193 119 220 196 0 215 120 242 195 0 105 146 115 182 0 152 152 162 181 0 179 152 199 173 0 233 80 247 176 0
835.jpg 1 38 210 146 0 7 147 260 316 0
836.jpg 39 24 301 184 0 87 189 301 286 0
837.jpg 17 1 186 262 0 170 3 290 209 0
838.jpg 22 23 73 114 0
839.jpg 29 21 66 127 0 64 25 110 123 0 86 29 124 123 0
84.jpg 66 34 105 126 0 117 18 162 148 0
840.jpg 10 31 41 142 0 45 46 84 140 0 58 42 109 141 0 106 37 140 143 0
841.jpg 7 32 43 136 0 40 36 87 133 0 63 40 101 134 0 106 24 139 136 0
842.jpg 120 16 196 207 0
844.jpg 16 25 43 100 0 82 23 103 98 0
845.jpg 10 23 34 97 0 73 25 97 100 0
846.jpg 14 19 35 93 0 44 21 79 98 0 63 18 104 94 0
847.jpg 63 39 104 115 0 88 42 123 119 0 131 40 153 114 0
848.jpg 26 20 68 98 0 54 24 86 99 0 94 21 117 97 0
849.jpg 12 39 46 124 0 92 36 123 126 0
85.jpg 79 132 172 163 0 63 72 186 117 0
850.jpg 32 17 64 106 0 111 18 144 103 0
851.jpg 20 52 54 140 0 99 50 131 136 0
852.jpg 27 77 56 164 0 104 78 137 168 0 184 82 215 166 0
853.jpg 18 17 49 104 0 95 17 130 108 0
854.jpg 4 27 50 154 0 64 38 107 154 0 122 81 138 121 0 41 91 51 116 0 1 93 8 117 0 53 93 63 117 0 99 107 107 118 0 112 95 121 115 0 129 46 143 107 0
855.jpg 31 29 73 149 0 87 19 132 147 0 2 75 15 115 0 85 82 96 107 0 129 84 139 110 0 17 89 24 108 0 31 100 38 111 0 73 82 79 110 0 77 86 86 111 0
856.jpg 13 40 46 152 0 43 65 60 130 0 54 25 102 153 0 103 30 147 154 0 90 75 100 129 0 97 91 102 123 0 103 103 113 122 0
857.jpg 6 22 51 144 0 53 15 101 142 0 95 56 112 120 0 104 30 143 142 0 41 95 51 112 0 53 66 65 119 0
858.jpg 15 38 58 165 0 77 52 116 165 0 105 80 125 141 0 119 38 167 165 0 56 102 70 130 0 13 101 25 127 0 154 88 167 141 0 3 102 13 127 0
859.jpg 2 38 46 167 0 42 80 63 143 0 52 53 89 166 0 106 40 152 165 0 1 89 17 142 0 100 103 110 129 0 143 103 152 128 0 153 103 160 128 0
86.jpg 29 3 171 336 0 183 3 273 214 0 288 1 415 223 0 423 1 500 325 0
860.jpg 12 86 55 202 0 68 74 117 203 0 130 89 166 202 0 162 116 178 179 0 173 75 219 203 0 12 155 20 167 0 1 143 7 165 0 53 136 59 164 0 56 141 66 164 0 67 139 78 164 0 110 140 119 166 0 206 125 219 178 0
861.jpg 49 21 95 112 0
862.jpg 141 19 224 232 0
863.jpg 120 40 195 273 0
864.jpg 22 31 53 105 0 82 32 116 114 0 82 31 104 101 0
865.jpg 31 125 51 173 0 81 78 140 219 0 132 130 164 216 0 155 81 212 217 0
866.jpg 27 67 85 203 0 72 116 109 203 0 100 67 158 204 0 189 112 210 160 0
867.jpg 24 19 82 158 0 75 68 109 156 0 100 20 155 156 0
868.jpg 7 52 28 106 0 47 45 69 107 0 67 50 87 106 0
869.jpg 21 16 75 152 0 66 65 102 152 0 93 15 152 153 0
87.jpg 1 81 115 297 0 131 68 259 297 0 153 89 174 119 0 1 74 17 175 0 261 3 319 263 0
870.jpg 385 173 460 357 0
871.jpg 57 25 103 117 0
872.jpg 63 32 109 124 0
873.jpg 44 1 141 208 0 145 7 316 260 0
874.jpg 57 4 83 63 0
875.jpg 5 60 61 81 0
876.jpg 34 5 55 64 0
878.jpg 10 34 166 106 0 7 98 233 207 0 193 209 216 225 0 193 191 217 208 0 194 176 218 192 0 195 160 217 178 0
879.jpg 88 110 248 199 0 27 26 251 127 0 41 3 65 18 0 40 20 64 37 0 37 49 64 61 0 40 40 63 50 0
88.jpg 3 114 336 257 0 118 12 335 130 0
880.jpg 21 7 132 233 0 110 9 196 166 0 1 190 17 218 0 21 192 36 218 0 50 194 67 215 0
881.jpg 14 2 296 112 0 16 105 226 193 0 14 191 211 263 0
882.jpg 13 153 297 266 0 85 77 296 160 0 103 5 296 76 0
883.jpg 2 15 74 210 0 72 12 159 226 0 159 13 261 291 0
884.jpg 2 11 105 295 0 107 16 198 225 0 194 12 262 210 0
885.jpg 37 93 232 159 0 42 165 239 234 0
886.jpg 56 143 263 211 0 72 217 262 283 0
887.jpg 138 38 214 241 0 215 34 285 230 0
889.jpg 91 36 159 228 0 165 39 237 242 0
89.jpg 212 145 235 211 0 58 1 158 218 0
890.jpg 11 7 117 45 0
892.jpg 42 114 151 151 0
893.jpg 113 10 151 118 0
894.jpg 8 10 46 119 0
895.jpg 19 100 133 134 0
896.jpg 31 40 141 75 0
897.jpg 103 29 136 132 0
898.jpg 23 54 172 103 0 32 156 165 208 0
899.jpg 49 138 196 181 0 55 31 189 83 0
9.jpg 68 32 110 140 0
90.jpg 1 101 216 199 0 147 18 211 48 0
900.jpg 31 32 84 166 0 135 23 184 171 0
901.jpg 55 22 108 172 0 156 31 205 167 0
902.jpg 51 16 150 57 0 51 59 148 97 0 4 90 148 139 0 3 137 157 191 0 1 198 153 254 0 108 7 138 16 0 115 15 139 24 0 113 134 142 147 0
903.jpg 86 206 186 241 0 89 165 188 201 0 89 124 233 172 0 82 70 235 125 0 86 8 235 59 0 100 236 126 246 0 101 246 128 255 0 98 114 123 126 0
904.jpg 9 1 59 152 0 71 3 125 156 0 123 4 171 149 0 167 51 201 148 0 206 52 239 149 0 115 113 126 140 0 237 111 246 137 0 246 112 256 139 0
905.jpg 21 52 55 152 0 61 52 94 148 0 90 3 139 148 0 136 3 190 157 0 203 2 253 150 0 5 111 15 138 0 13 112 24 139 0 135 112 147 140 0
907.jpg 23 163 222 241 0 72 76 219 133 0 72 10 212 67 0
908.jpg 38 200 182 254 0 33 132 184 187 0 30 21 229 104 0
909.jpg 21 24 103 221 0 133 69 185 219 0 203 72 252 212 0
91.jpg 10 98 82 230 0 177 99 212 232 0 198 97 234 230 0 221 105 285 234 0 256 97 282 171 0
910.jpg 10 72 61 212 0 80 69 131 218 0 160 27 243 222 0
911.jpg 3 36 218 128 0
912.jpg 78 1 173 219 0
913.jpg 37 3 130 220 0
914.jpg 11 83 226 174 0
915.jpg 42 99 208 176 0
916.jpg 38 73 205 148 0
917.jpg 100 39 175 208 0
918.jpg 84 15 196 174 0
919.jpg 16 84 172 195 0
92.jpg 102 2 192 217 0 17 145 45 214 0
920.jpg 122 158 283 269 0
921.jpg 157 17 268 173 0
922.jpg 6 81 154 125 0 93 1 167 32 0 16 139 172 181 0
923.jpg 29 59 181 100 0 16 151 91 181 0 20 1 164 41 0
924.jpg 57 4 99 155 0 1 7 41 163 0 151 93 181 165 0
925.jpg 22 83 156 132 0
926.jpg 27 39 167 88 0
927.jpg 41 20 92 159 0
928.jpg 87 19 132 157 0
929.jpg 14 2 95 28 0 29 34 96 48 0 24 43 95 59 0 42 67 90 79 0
93.jpg 8 120 266 190 0
930.jpg 11 59 93 83 0 11 40 80 53 0 12 28 83 42 0 17 8 65 18 0
931.jpg 8 41 21 89 0 28 24 42 92 0 40 28 53 95 0 60 13 83 96 0
932.jpg 3 13 28 96 0 34 28 49 95 0 42 24 60 93 0 67 41 80 90 0
934.jpg 11 3 118 47 0 13 69 103 104 0 32 91 122 116 0 72 46 110 57 0 77 62 113 74 0 95 75 113 87 0 71 112 113 128 0
935.jpg 21 81 129 123 0 36 27 128 58 0 19 6 105 35 0 27 54 60 61 0 38 60 64 66 0 26 42 41 52 0 25 1 71 9 0 24 120 88 128 0 30 82 52 90 0 28 72 71 82 0
936.jpg 19 45 57 137 0 51 49 86 126 0
937.jpg 158 241 442 406 0 123 83 463 209 0
938.jpg 36 51 134 90 0 36 101 134 136 0
939.jpg 58 172 204 209 0 57 106 261 175 0
94.jpg 71 10 141 265 0
940.jpg 226 155 373 436 0 402 133 529 469 0
941.jpg 4 11 45 119 0 70 13 103 104 0 92 32 124 119 0 44 76 60 110 0 38 83 48 111 0 63 78 75 114 0 75 98 88 112 0 118 69 128 115 0
942.jpg 42 26 146 60 0 71 64 134 83 0 37 77 148 112 0
943.jpg 25 44 61 144 0 62 69 85 135 0 72 36 113 149 0
944.jpg 65 205 294 280 0 49 115 291 198 0
945.jpg 42 127 174 180 0
946.jpg 22 127 155 178 0
947.jpg 48 98 130 135 0 48 132 135 162 0
948.jpg 1 82 305 205 0 1 206 313 299 0
949.jpg 38 100 351 187 0 57 188 351 305 0
95.jpg 8 70 274 141 0
950.jpg 88 1 206 294 0 204 1 297 312 0
951.jpg 76 20 222 81 0 115 112 245 165 0
952.jpg 29 101 167 155 0 52 186 199 244 0
953.jpg 157 220 433 374 0 130 401 467 532 0
954.jpg 33 77 61 165 0 74 75 107 167 0 105 103 128 155 0 116 59 150 143 0 151 60 188 165 0 183 79 206 165 0
955.jpg 10 15 81 56 0 10 135 75 166 0
956.jpg 89 14 156 46 0 85 126 153 162 0
957.jpg 83 73 227 119 0 28 111 229 183 0
958.jpg 105 25 171 230 0 169 84 211 228 0
959.jpg 73 82 122 228 0 115 26 183 228 0
96.jpg 17 38 125 82 0 19 78 125 124 0
960.jpg 52 106 233 196 0
961.jpg 100 114 152 246 0 185 73 244 223 0
962.jpg 77 55 164 78 0 61 69 163 110 0 55 114 145 144 0 108 132 153 154 0 76 152 167 186 0 74 195 163 229 0
963.jpg 71 31 161 63 0 69 72 158 107 0 78 107 131 127 0 88 122 179 148 0 73 150 173 190 0 71 186 164 202 0
964.jpg 23 74 77 223 0 113 112 161 245 0
965.jpg 108 51 196 234 0
966.jpg 53 90 233 174 0
967.jpg 58 91 234 170 0
968.jpg 41 107 219 188 0
969.jpg 87 58 174 235 0
97.jpg 42 78 155 125 0 45 40 153 78 0
970.jpg 64 106 194 144 0
971.jpg 46 90 177 132 0
972.jpg 91 45 133 175 0
973.jpg 69 294 366 375 0 103 375 351 432 0 78 185 357 281 0 89 42 353 140 0
974.jpg 41 85 144 339 0 186 70 281 341 0 297 69 377 350 0 368 102 432 319 0
975.jpg 99 3 318 63 0 78 49 348 140 0 66 150 345 247 0 68 287 337 386 0
976.jpg 4 102 59 319 0 49 69 140 352 0 150 66 247 346 0 288 73 384 335 0
978.jpg 73 130 255 192 0
979.jpg 65 142 249 205 0
98.jpg 41 45 80 149 0 77 44 125 152 0
980.jpg 144 71 208 259 0
981.jpg 61 102 149 131 0
982.jpg 103 55 132 141 0
983.jpg 55 84 142 116 0
984.jpg 86 55 115 142 0
985.jpg 33 25 100 147 0 99 51 137 146 0 174 74 194 146 0
986.jpg 62 1 145 21 0 32 53 147 94 0 29 98 146 160 0
987.jpg 56 172 137 194 0 57 101 171 140 0 54 36 176 102 0
988.jpg 50 46 94 148 0 1 63 21 144 0 91 25 161 148 0
989.jpg 32 6 106 31 0 25 38 103 70 0 28 66 107 97 0
99.jpg 32 17 78 128 0 78 20 117 124 0
990.jpg 41 131 117 153 0 42 91 121 122 0 40 64 117 103 0
991.jpg 63 28 102 106 0 91 29 123 103 0 132 30 153 106 0
992.jpg 6 31 31 106 0 38 28 70 104 0 56 30 96 106 0
993.jpg 16 25 147 79 0
994.jpg 18 98 147 151 0
995.jpg 97 17 150 146 0
996.jpg 26 17 74 147 0
997.jpg 11 9 95 221 0 112 35 179 204 0 241 53 306 216 0
998.jpg 51 12 218 75 0 37 134 204 207 0 8 225 215 304 0
999.jpg 76 245 252 304 0 93 113 264 177 0 74 11 290 93 0
