crop001001.jpg 261 109 511 705 0 31 326 209 712 0 148 179 290 641 0
crop001002.jpg 270 242 704 901 0 570 174 959 957 0
crop001003.jpg 293 117 478 712 0 443 62 660 711 0
crop001004.jpg 328 135 510 717 0 467 185 581 739 0
crop001005.jpg 268 186 457 941 0 344 133 635 939 0
crop001006.jpg 374 114 616 701 0 552 88 736 688 0
crop001007.jpg 235 236 399 724 0 380 207 550 724 0 548 222 729 739 0 723 279 925 754 0 889 292 1097 765 0
crop001008.jpg 212 286 265 413 0 355 322 416 443 0
crop001009.jpg 195 154 297 468 0
crop001010.jpg 153 204 421 726 0
crop001011.jpg 164 176 433 784 0 530 167 760 773 0
crop001012.jpg 311 274 511 760 0
crop001013.jpg 234 169 554 853 0
crop001014.jpg 335 306 510 726 0
crop001015.jpg 241 330 400 661 0
crop001016.jpg 282 330 426 696 0
crop001017.jpg 185 254 437 956 0
crop001018.jpg 197 194 484 966 0
crop001019.jpg 155 168 512 948 0
crop001020.jpg 270 264 470 932 0
crop001021.jpg 319 119 700 817 0
crop001022.jpg 275 259 501 759 0
crop001023.jpg 257 218 512 850 0 605 234 810 879 0
crop001024.jpg 316 359 531 968 0
crop001025.jpg 287 297 509 755 0
crop001026.jpg 295 263 504 689 0 493 305 650 659 0 641 340 691 467 0
crop001027.jpg 205 227 670 824 0
crop001028.jpg 286 277 561 929 0
crop001029.jpg 299 307 506 743 0
crop001030.jpg 306 235 403 678 0 577 262 682 605 0
crop001031.jpg 313 250 456 656 0
crop001032.jpg 322 226 529 785 0
crop001033.jpg 317 244 607 956 0
crop001034.jpg 312 240 475 731 0
crop001035.jpg 226 205 449 970 0
crop001036.jpg 232 277 394 733 0
crop001037.jpg 263 196 448 770 0
crop001038.jpg 679 332 801 676 0 368 415 539 641 0 267 357 383 640 0 161 344 267 651 0
crop001039.jpg 419 320 561 788 0 266 304 408 794 0
crop001040.jpg 222 164 329 545 0
crop001042.jpg 337 224 475 868 0 224 192 315 710 0
crop001043.jpg 145 201 312 866 0
crop001044.jpg 186 135 243 325 0
crop001045.jpg 161 172 204 306 0
crop001046.jpg 163 137 257 350 0
crop001047.jpg 216 194 274 376 0
crop001048.jpg 250 207 362 515 0
crop001049.jpg 172 123 212 214 0
crop001050.jpg 432 272 561 765 0 218 296 363 732 0 199 280 248 446 0 153 286 207 443 0 380 320 434 481 0
crop001051.jpg 214 267 363 638 0 152 268 257 495 0
crop001052.jpg 165 171 246 362 0
crop001053.jpg 209 250 447 931 0
crop001054.jpg 279 197 401 466 0 217 223 255 326 0
crop001055.jpg 111 240 227 537 0
crop001056.jpg 173 176 224 306 0 253 179 304 313 0
crop001057.jpg 246 189 320 438 0
crop001058.jpg 284 249 518 905 0
crop001059.jpg 160 243 395 812 0
crop001060.jpg 165 276 437 971 0
crop001061.jpg 291 276 441 678 0 511 363 561 495 0
crop001063.jpg 198 237 325 808 0 151 315 210 537 0 95 292 153 532 0 310 310 371 545 0
crop001064.jpg 147 143 247 476 0 293 182 403 499 0 439 139 560 488 0 584 128 710 510 0
crop001066.jpg 237 178 420 649 0
crop001068.jpg 204 171 407 587 0
crop001069.jpg 160 143 218 296 0 95 130 153 262 0
crop001070.jpg 232 179 432 788 0
crop001071.jpg 215 250 373 652 0
crop001072.jpg 262 253 421 813 0 403 332 564 811 0 480 301 639 808 0 606 278 719 786 0 681 274 794 764 0 815 277 955 765 0
crop001073.jpg 76 211 241 732 0 239 178 289 334 0
crop001074.jpg 165 203 234 420 0 210 207 292 433 0 281 272 341 481 0 349 314 395 466 0 396 206 467 449 0 433 231 511 463 0 511 204 563 333 0
crop001075.jpg 169 285 230 474 0 214 208 321 588 0
crop001078.jpg 178 120 272 362 0 269 132 345 359 0 368 121 410 245 0
crop001079.jpg 364 349 441 575 0 351 200 411 371 0 164 180 319 596 0 282 220 332 361 0 314 205 356 307 0 436 218 469 307 0
crop001081.jpg 156 138 218 358 0 145 50 172 156 0 202 51 239 152 0
crop001083.jpg 261 226 382 673 0 146 236 217 408 0 55 241 110 431 0
crop001084.jpg 214 301 394 973 0
crop001085.jpg 172 213 260 508 0
crop001086.jpg 210 266 403 786 0 127 276 230 647 0
crop001087.jpg 105 247 223 571 0
crop001088.jpg 230 182 438 945 0
crop001089.jpg 251 217 460 828 0
crop001090.jpg 327 259 501 771 0
crop001091.jpg 286 189 456 804 0
crop001092.jpg 247 178 471 896 0
crop001093.jpg 467 190 664 806 0 296 298 474 852 0 170 224 337 792 0
crop001094.jpg 257 250 374 674 0 405 252 545 674 0 524 255 611 494 0 130 278 207 472 0 579 260 664 496 0
crop001095.jpg 383 225 562 750 0 162 156 376 850 0
crop001096.jpg 192 209 327 591 0
crop001097.jpg 315 148 388 375 0 223 144 292 364 0 473 167 529 356 0
crop001098.jpg 319 175 386 383 0
crop001099.jpg 175 226 414 799 0 61 414 183 824 0
crop001102.jpg 98 191 237 572 0 213 182 279 380 0 339 179 438 424 0 427 187 514 423 0 514 186 587 402 0 582 180 648 433 0 623 159 705 430 0
crop001103.jpg 237 194 317 401 0
crop001104.jpg 198 279 360 682 0 366 414 432 670 0 88 235 247 653 0
crop001105.jpg 199 309 274 520 0
crop001106.jpg 217 218 416 664 0
crop001107.jpg 243 200 491 872 0 515 330 672 931 0 670 259 842 846 0
crop001108.jpg 171 177 288 448 0
crop001109.jpg 222 130 312 423 0
crop001110.jpg 216 284 262 476 0 249 287 325 477 0
crop001111.jpg 214 256 280 475 0
crop001112.jpg 283 210 322 310 0 233 204 273 308 0
crop001113.jpg 217 260 376 745 0 152 39 214 212 0 430 64 481 211 0
crop001114.jpg 438 236 597 787 0 275 303 443 710 0 653 246 834 774 0
crop001115.jpg 236 123 283 305 0 170 160 226 304 0
crop001116.jpg 371 157 438 315 0 179 172 223 321 0
crop001119.jpg 80 165 118 265 0
crop001120.jpg 220 153 275 322 0 264 153 316 332 0 347 156 415 325 0 409 180 467 336 0
crop001121.jpg 194 211 240 353 0 245 164 322 362 0 343 160 419 357 0
crop001122.jpg 267 193 339 406 0 206 194 269 401 0
crop001123.jpg 188 142 290 477 0 269 141 346 482 0
crop001124.jpg 223 186 366 554 0 373 221 474 550 0
crop001125.jpg 129 243 219 550 0 248 216 353 550 0
crop001126.jpg 201 181 308 457 0 311 217 376 449 0 364 211 439 439 0 428 210 491 442 0 478 207 549 437 0 553 213 633 437 0
crop001127.jpg 366 175 459 423 0 283 186 350 374 0 192 152 275 468 0
crop001128.jpg 164 212 451 780 0
crop001129.jpg 90 146 246 551 0
crop001130.jpg 190 200 407 883 0
crop001131.jpg 188 244 427 801 0
crop001132.jpg 200 230 457 933 0
crop001133.jpg 221 184 294 402 0
crop001134.jpg 180 174 292 473 0
crop001135.jpg 148 138 215 331 0
crop001136.jpg 211 158 245 270 0 240 163 275 273 0 290 166 313 269 0 312 168 337 270 0
crop001137.jpg 225 204 328 606 0
crop001138.jpg 230 235 364 660 0 315 237 470 692 0
crop001140.jpg 175 222 292 619 0
crop001141.jpg 421 210 544 748 0 189 223 349 738 0 129 240 184 415 0 591 195 712 577 0
crop001142.jpg 208 183 285 480 0
crop001143.jpg 204 120 282 473 0 131 109 219 413 0 67 80 146 320 0 301 163 397 518 0 425 154 509 477 0
crop001144.jpg 346 167 416 374 0 411 159 487 361 0 316 141 371 363 0 258 154 324 350 0 163 152 214 350 0
crop001145.jpg 256 174 325 420 0 60 95 147 306 0
crop001146.jpg 257 218 411 718 0
crop001147.jpg 154 135 303 460 0
crop001148.jpg 162 75 217 200 0
crop001149.jpg 234 189 354 582 0 122 173 224 553 0
crop001150.jpg 168 112 204 239 0
crop001151.jpg 283 241 477 807 0
crop001152.jpg 265 187 529 947 0
crop001153.jpg 272 254 320 406 0
crop001154.jpg 281 161 619 967 0
crop001155.jpg 247 169 418 947 0
crop001156.jpg 186 203 358 785 0
crop001158.jpg 68 90 127 336 0 143 84 205 225 0
crop001160.jpg 96 70 159 174 0
crop001162.jpg 116 90 191 340 0 192 97 264 346 0 259 108 315 286 0
crop001163.jpg 12 94 113 371 0
crop001164.jpg 166 217 242 483 0 325 249 391 463 0 240 248 288 408 0 387 246 540 652 0 642 222 776 605 0 785 205 925 594 0 523 247 599 454 0 109 253 147 355 0
crop001200.jpg 245 191 435 813 0
crop001201.jpg 236 279 349 673 0
crop001202.jpg 180 214 401 818 0
crop001205.jpg 242 160 342 416 0 316 181 445 391 0
crop001206.jpg 168 154 276 550 0
crop001207.jpg 161 105 241 310 0
crop001208.jpg 175 145 263 406 0 358 168 517 618 0 288 126 356 255 0
crop001210.jpg 154 148 300 542 0
crop001211.jpg 225 215 475 810 0
crop001212.jpg 177 208 391 653 0
crop001213.jpg 155 237 433 838 0
crop001214.jpg 223 211 317 479 0
crop001216.jpg 185 104 346 568 0
crop001217.jpg 147 153 315 557 0 114 127 161 270 0 52 124 107 254 0
crop001218.jpg 104 240 223 585 0
crop001219.jpg 166 145 256 454 0
crop001220.jpg 241 193 339 530 0
crop001222.jpg 257 174 395 729 0 148 130 244 325 0
crop001230.jpg 210 191 362 630 0
crop001231.jpg 196 168 342 477 0
crop001232.jpg 204 182 507 849 0
crop001234.jpg 187 173 320 528 0
crop001235.jpg 171 187 462 722 0
crop001236.jpg 136 164 237 466 0 328 162 474 541 0 470 167 601 474 0
crop001237.jpg 189 143 298 448 0
crop001238.jpg 169 139 262 476 0
crop001241.jpg 216 157 343 479 0
crop001242.jpg 219 176 408 791 0
crop001246.jpg 138 176 281 532 0
crop001247.jpg 193 155 390 696 0
crop001248.jpg 198 194 462 729 0
crop001250.jpg 286 116 545 803 0
crop001251.jpg 220 73 492 845 0
crop001252.jpg 154 134 310 488 0
crop001253.jpg 206 167 388 852 0
crop001254.jpg 42 142 195 763 0
crop001255.jpg 216 168 348 546 0
crop001256.jpg 207 149 333 477 0
crop001257.jpg 186 141 306 453 0
crop001258.jpg 234 141 339 506 0
crop001259.jpg 157 138 370 631 0
crop001260.jpg 195 184 357 622 0 256 189 406 605 0
crop001263.jpg 128 152 303 642 0 115 118 178 269 0
crop001264.jpg 307 122 477 787 0 122 156 322 685 0
crop001265.jpg 258 115 327 349 0 389 115 435 292 0 170 117 223 261 0 224 99 274 282 0
crop001267.jpg 179 140 230 340 0 350 150 406 342 0 511 169 569 341 0 111 167 158 322 0 227 156 275 293 0
crop001268.jpg 206 122 288 318 0 125 122 182 267 0 328 127 389 271 0 392 126 469 305 0 491 141 528 293 0
crop001270.jpg 199 158 326 399 0 310 214 458 519 0
crop001271.jpg 182 87 251 288 0 144 104 182 259 0
crop001272.jpg 149 101 258 346 0
crop001273.jpg 587 131 700 475 0 228 109 354 421 0
crop001274.jpg 179 212 282 612 0
crop001275.jpg 172 178 324 531 0
crop001276.jpg 209 171 430 858 0
crop001278.jpg 44 121 104 254 0
crop001500.jpg 104 108 151 232 0
crop001503.jpg 201 141 256 264 0
crop001505.jpg 769 326 845 605 0 564 261 681 807 0 498 338 594 799 0 338 350 425 741 0 152 327 226 628 0
crop001506.jpg 218 183 355 642 0
crop001507.jpg 437 303 556 778 0 234 298 360 752 0 363 235 486 699 0
crop001508.jpg 425 260 550 722 0 316 283 426 681 0
crop001509.jpg 390 278 535 753 0
crop001510.jpg 215 220 390 776 0
crop001513.jpg 258 212 390 563 0 645 210 771 528 0
crop001515.jpg 196 206 263 406 0 301 229 383 503 0
crop001516.jpg 348 208 497 806 0
crop001517.jpg 222 154 417 814 0 71 223 158 471 0
crop001518.jpg 183 231 270 542 0
crop001519.jpg 227 224 414 765 0
crop001523.jpg 109 136 152 292 0
crop001524.jpg 579 205 744 760 0
crop001525.jpg 456 223 514 403 0 298 216 396 570 0 226 223 293 486 0
crop001526.jpg 499 260 642 768 0 311 226 467 767 0 101 209 161 384 0
crop001527.jpg 239 280 334 611 0 736 294 816 545 0 477 315 573 613 0 352 284 418 482 0
crop001528.jpg 265 249 403 762 0
crop001529.jpg 371 184 509 639 0 504 185 562 445 0 584 176 624 371 0
crop001530.jpg 377 180 447 359 0
crop001532.jpg 517 284 660 794 0 307 304 449 734 0
crop001534.jpg 643 259 705 472 0 295 278 487 756 0 575 282 616 412 0
crop001536.jpg 248 317 319 517 0 385 320 438 462 0 595 322 636 459 0 138 315 223 567 0
crop001537.jpg 433 226 470 355 0
crop001538.jpg 485 176 561 407 0 180 214 338 622 0
crop001539.jpg 255 156 313 345 0
crop001540.jpg 441 258 530 543 0 228 245 302 471 0
crop001541.jpg 308 298 448 775 0 450 316 519 570 0
crop001542.jpg 244 193 325 469 0
crop001543.jpg 150 137 182 224 0 289 127 319 188 0
crop001547.jpg 97 100 120 147 0
crop001548.jpg 112 104 139 176 0
crop001550.jpg 414 254 507 685 0 528 177 728 597 0
crop001551.jpg 177 208 313 661 0 453 198 615 637 0
crop001552.jpg 197 266 313 646 0 387 248 522 647 0 510 262 630 646 0 649 223 774 648 0
crop001553.jpg 224 180 370 573 0
crop001554.jpg 207 184 291 497 0
crop001556.jpg 190 130 252 326 0
crop001557.jpg 148 257 197 407 0
crop001558.jpg 308 273 354 408 0 373 295 422 431 0
crop001559.jpg 635 150 773 544 0 516 180 614 544 0 395 199 525 559 0 306 184 419 534 0 177 166 303 476 0 120 148 186 379 0
crop001560.jpg 500 240 621 555 0 300 306 373 528 0 198 295 265 530 0 303 302 373 531 0 730 339 808 548 0
crop001561.jpg 481 254 595 575 0 588 353 657 573 0
crop001562.jpg 68 60 103 155 0 195 82 227 161 0
crop001563.jpg 170 163 260 420 0 279 157 365 418 0 458 155 543 428 0 590 146 670 426 0
crop001564.jpg 178 145 264 400 0 454 202 551 454 0
crop001565.jpg 222 147 304 407 0
crop001567.jpg 95 98 161 245 0
crop001568.jpg 163 196 325 707 0
crop001569.jpg 242 179 445 622 0 154 158 320 594 0 659 159 840 685 0 849 228 1048 772 0
crop001570.jpg 261 172 368 437 0 125 184 193 352 0
crop001571.jpg 222 199 299 410 0 44 188 92 318 0 364 202 456 446 0 447 203 546 567 0 339 197 393 372 0 87 190 118 276 0
crop001572.jpg 65 179 104 300 0
crop001577.jpg 163 32 419 863 0
crop001578.jpg 90 90 128 190 0
crop001579.jpg 93 84 182 301 0
crop001580.jpg 265 241 390 779 0
crop001581.jpg 263 184 454 869 0
crop001582.jpg 231 49 427 771 0
crop001583.jpg 120 216 273 832 0 253 258 434 808 0
crop001584.jpg 297 121 504 836 0 58 74 253 827 0
crop001589.jpg 80 222 235 818 0
crop001591.jpg 215 122 413 912 0 28 191 167 573 0
crop001592.jpg 120 192 187 398 0 421 207 487 398 0 282 197 350 392 0
crop001594.jpg 438 186 541 531 0 315 228 391 504 0 227 222 311 502 0 97 182 149 358 0 16 193 73 348 0
crop001595.jpg 122 145 157 240 0
crop001596.jpg 214 237 336 794 0 313 231 467 800 0 648 246 843 702 0
crop001597.jpg 296 230 460 685 0
crop001598.jpg 315 298 433 670 0
crop001599.jpg 224 229 411 814 0 431 296 478 456 0
crop001600.jpg 170 167 255 417 0
crop001601.jpg 75 239 222 773 0
crop001603.jpg 289 356 411 770 0
crop001605.jpg 179 178 239 353 0
crop001606.jpg 180 130 217 280 0
crop001608.jpg 370 320 452 691 0
crop001609.jpg 255 174 310 309 0 309 188 344 310 0 408 112 434 185 0 511 118 536 191 0
crop001610.jpg 329 163 394 358 0
crop001611.jpg 339 362 428 685 0 254 386 325 663 0
crop001612.jpg 427 284 512 584 0 299 272 412 580 0 569 290 651 517 0 426 288 516 583 0
crop001613.jpg 328 190 431 491 0
crop001614.jpg 557 353 620 580 0 673 366 763 639 0 470 354 533 574 0 377 365 468 627 0 348 455 400 634 0 214 343 275 521 0 767 349 793 427 0 820 349 845 428 0
crop001615.jpg 237 270 337 557 0
crop001616.jpg 905 218 960 427 0 1004 208 1045 330 0 962 219 997 324 0 857 207 892 332 0 666 216 758 539 0 556 197 650 536 0 407 253 489 589 0 294 154 428 576 0 181 187 288 566 0 505 182 568 428 0 1056 219 1094 336 0 1094 221 1127 339 0 1004 208 1045 330 0 962 219 997 324 0 857 207 892 332 0
crop001617.jpg 320 286 407 589 0
crop001618.jpg 260 261 373 708 0
crop001619.jpg 166 321 266 781 0 359 299 451 562 0 794 323 856 536 0 712 316 763 532 0
crop001620.jpg 474 234 529 454 0 160 251 225 470 0 680 235 730 411 0 629 255 673 407 0 452 269 487 399 0 573 261 606 361 0 92 279 125 388 0 31 297 65 394 0
crop001621.jpg 473 134 539 353 0 211 172 272 402 0
crop001622.jpg 198 159 248 301 0 237 169 286 306 0
crop001623.jpg 612 236 780 852 0 499 234 618 688 0 305 257 497 860 0
crop001624.jpg 180 200 262 491 0 255 200 304 382 0
crop001625.jpg 139 120 180 223 0
crop001626.jpg 222 191 299 423 0 163 167 210 289 0
crop001627.jpg 326 225 459 798 0
crop001628.jpg 126 164 247 661 0
crop001629.jpg 451 219 558 691 0 352 225 469 652 0 640 280 726 635 0
crop001630.jpg 134 81 183 207 0
crop001632.jpg 166 144 226 319 0
crop001635.jpg 417 404 546 853 0 186 284 384 852 0 603 270 659 450 0 666 263 714 449 0 71 370 148 623 0
crop001636.jpg 609 283 699 604 0
crop001637.jpg 350 314 434 557 0 439 282 493 453 0 532 278 643 638 0
crop001640.jpg 286 165 500 806 0
crop001642.jpg 489 261 606 691 0 248 219 391 704 0 940 270 1062 700 0
crop001643.jpg 217 148 278 347 0
crop001644.jpg 149 183 243 506 0
crop001646.jpg 250 220 325 431 0 352 208 430 418 0 430 242 500 460 0 592 231 646 420 0 640 243 695 423 0
crop001647.jpg 253 171 306 296 0 210 170 254 300 0
crop001648.jpg 465 247 555 530 0 245 259 304 469 0
crop001649.jpg 541 314 671 760 0 119 315 223 634 0 465 270 498 368 0 379 273 441 448 0
crop001650.jpg 328 173 389 316 0
crop001651.jpg 497 280 638 721 0 277 258 400 614 0 439 289 523 590 0
crop001652.jpg 64 167 235 780 0
crop001655.jpg 435 255 523 512 0 347 270 431 508 0 217 265 275 436 0 80 258 122 392 0
crop001656.jpg 397 180 457 366 0
crop001657.jpg 371 145 441 380 0 155 149 236 373 0
crop001662.jpg 222 221 271 339 0 98 206 151 332 0 187 213 228 337 0
crop001663.jpg 276 167 361 382 0
crop001665.jpg 200 292 335 687 0
crop001666.jpg 197 347 326 692 0 437 357 555 693 0
crop001667.jpg 169 190 410 748 0
crop001668.jpg 441 202 483 327 0 179 153 226 273 0 397 117 436 203 0 283 110 328 197 0 576 89 624 203 0
crop001669.jpg 347 99 381 173 0 578 243 619 332 0
crop001671.jpg 273 296 458 784 0
crop001672.jpg 255 267 421 776 0
crop001673.jpg 227 174 335 479 0
crop001674.jpg 243 204 407 722 0
crop001675.jpg 213 302 324 601 0
crop001677.jpg 133 119 173 221 0
crop001678.jpg 145 93 182 192 0
crop001679.jpg 818 311 982 800 0 559 295 696 687 0 234 271 362 639 0 168 276 246 518 0 473 314 594 641 0
crop001680.jpg 151 185 212 378 0 230 189 289 326 0
crop001681.jpg 175 222 287 609 0
crop001685.jpg 65 95 147 322 0
crop001686.jpg 73 103 101 169 0
crop001687.jpg 160 130 328 749 0
crop001689.jpg 41 154 204 748 0 152 102 319 676 0 263 109 424 650 0
crop001690.jpg 261 216 353 507 0 351 176 452 451 0 540 207 637 485 0 591 22 668 228 0
crop001691.jpg 197 237 296 515 0 303 132 362 353 0 410 45 486 250 0
crop001692.jpg 51 207 157 556 0 188 292 291 649 0
crop001693.jpg 245 178 310 384 0 320 228 390 436 0
crop001694.jpg 555 302 705 765 0 482 225 593 631 0 267 360 458 797 0
crop001695.jpg 140 151 199 344 0
crop001696.jpg 372 181 493 556 0 685 212 762 588 0 822 154 974 692 0
crop001697.jpg 67 198 265 759 0
crop001698.jpg 238 153 322 412 0
crop001699.jpg 204 200 363 754 0
crop001700.jpg 158 274 250 633 0 244 244 379 617 0
crop001701.jpg 247 200 375 648 0
crop001702.jpg 401 233 465 494 0 310 242 394 471 0
crop001703.jpg 356 286 482 752 0 221 295 342 740 0
crop001705.jpg 347 227 419 532 0 165 241 248 528 0
crop001707.jpg 265 195 372 549 0 400 218 479 487 0 198 212 266 471 0
crop001708.jpg 171 201 322 720 0 105 190 180 434 0
crop001709.jpg 264 111 308 213 0 70 96 122 190 0
crop001710.jpg 150 193 208 407 0 211 193 260 352 0 354 190 387 288 0
crop001711.jpg 295 295 397 712 0 207 315 299 610 0 152 278 232 529 0 26 275 99 503 0 114 294 172 501 0 426 297 500 564 0 525 291 654 654 0
crop001712.jpg 418 263 515 600 0 220 359 335 689 0
crop001713.jpg 62 230 254 798 0
crop001714.jpg 158 278 246 683 0
crop001717.jpg 209 120 274 310 0
crop001720.jpg 164 367 229 569 0 254 378 328 577 0 204 388 247 505 0
crop001721.jpg 93 83 133 179 0
crop001806.jpg 200 143 279 424 0 307 165 364 402 0 125 182 198 403 0 481 183 521 319 0
crop001807.jpg 258 156 302 321 0 219 152 274 318 0
crop001808.jpg 183 206 277 534 0
crop001809.jpg 313 199 380 482 0 258 221 331 478 0 141 232 217 490 0
crop001810.jpg 219 259 301 587 0
crop001811.jpg 138 171 251 551 0
crop001812.jpg 288 153 363 366 0 174 188 219 344 0
crop001813.jpg 131 112 171 227 0
crop001814.jpg 88 89 131 201 0
crop001815.jpg 193 127 233 240 0 153 147 191 249 0
crop001816.jpg 231 192 314 487 0
crop001817.jpg 126 131 180 293 0
crop001818.jpg 61 152 119 326 0
crop001819.jpg 135 103 179 204 0
crop001820.jpg 170 155 246 453 0
crop001823.jpg 94 84 134 194 0
crop001824.jpg 329 149 359 231 0
crop001829.jpg 302 161 341 279 0
crop001830.jpg 191 170 238 321 0
crop001831.jpg 118 119 176 258 0
crop001832.jpg 66 84 103 193 0
crop001833.jpg 118 87 156 188 0
crop001835.jpg 216 181 399 780 0 358 136 517 802 0
crop001836.jpg 463 157 575 647 0 559 150 663 669 0 259 126 366 644 0 365 124 495 652 0
crop001837.jpg 131 108 293 389 0
crop001838.jpg 536 133 594 404 0 229 130 273 375 0 72 144 119 368 0
crop001839.jpg 385 134 487 439 0 43 137 106 368 0
crop001840.jpg 353 118 405 338 0 275 108 322 342 0
crop001841.jpg 426 148 500 384 0
crop001842.jpg 247 177 301 315 0 296 194 345 329 0
crop001843.jpg 443 177 503 413 0
crop_000010.jpg 194 127 413 647 0
crop_000011.jpg 146 101 376 598 0
crop_000603.jpg 85 41 282 634 0
crop_000606.jpg 164 127 243 379 0 227 113 313 356 0
crop_000607.jpg 225 93 416 638 0 572 64 774 704 0
crop_000608.jpg 124 125 248 389 0
person_044.jpg 16 148 68 282 0 292 115 381 406 0
person_050.jpg 332 95 451 418 0 87 109 119 199 0
person_060.jpg 289 216 339 345 0
person_061.jpg 210 168 275 365 0
person_086.jpg 229 148 331 488 0
person_091.jpg 115 185 153 286 0 357 179 409 351 0 187 181 287 484 0 23 189 54 283 0
person_097.jpg 267 86 386 566 0 78 139 244 570 0
person_101.jpg 375 219 446 421 0 201 184 290 481 0
person_102.jpg 162 59 324 448 0 36 101 103 277 0
person_103.jpg 220 222 276 377 0
person_106.jpg 220 270 281 404 0
person_111.jpg 154 127 329 591 0 30 143 125 445 0
person_112.jpg 268 98 417 635 0 198 133 299 571 0 11 96 164 603 0
person_114.jpg 31 32 244 632 0 240 81 391 636 0
person_117.jpg 170 153 333 570 0
person_119.jpg 163 165 292 504 0
person_121.jpg 189 139 294 473 0 149 112 180 218 0
person_124.jpg 253 71 321 266 0
person_125.jpg 96 99 218 630 0 275 79 422 637 0
person_126.jpg 188 102 348 522 0 63 172 115 304 0 127 155 174 300 0
person_128.jpg 184 104 262 321 0 75 98 114 200 0 359 145 429 325 0
person_129.jpg 321 159 385 360 0 260 165 311 363 0 169 210 232 358 0
person_130.jpg 297 84 394 412 0
person_131.jpg 215 176 282 384 0 293 172 360 363 0 383 167 428 341 0
person_133.jpg 335 152 400 370 0 93 231 146 376 0 237 178 310 371 0
person_139.jpg 500 129 556 347 0 412 114 495 347 0 245 117 349 432 0 156 145 259 439 0 56 124 141 377 0
person_141.jpg 248 125 361 363 0
person_142.jpg 125 204 209 398 0 266 14 386 417 0
person_143.jpg 306 64 388 379 0 231 80 309 367 0 98 78 214 378 0
person_156.jpg 336 201 425 399 0 245 187 330 424 0
person_160.jpg 218 137 337 413 0 57 123 186 434 0 345 125 454 414 0
person_162.jpg 309 153 417 424 0 203 155 298 422 0
person_165.jpg 276 203 348 362 0
person_166.jpg 345 159 413 372 0 244 156 329 382 0
person_167.jpg 304 159 383 364 0 259 178 321 359 0
person_168.jpg 246 207 291 323 0 314 195 360 324 0
person_169.jpg 278 131 393 399 0 179 126 275 408 0
person_170.jpg 431 149 496 377 0 206 155 298 391 0
person_171.jpg 296 167 378 417 0 209 184 288 397 0
person_172.jpg 375 183 454 374 0 292 180 363 376 0 241 184 290 325 0
person_173.jpg 384 131 471 425 0 302 136 390 409 0
person_174.jpg 318 103 424 371 0 169 184 241 372 0 427 225 499 367 0
person_175.jpg 185 151 243 323 0 548 132 615 325 0 467 151 514 301 0 107 142 165 326 0 356 137 402 302 0
person_176.jpg 356 103 477 424 0 243 112 346 421 0 160 146 208 265 0 69 139 114 261 0 19 140 60 259 0
person_177.jpg 240 126 310 399 0 331 139 408 388 0 530 152 568 283 0
person_178.jpg 362 159 468 398 0 459 155 528 416 0 165 134 256 414 0
person_179.jpg 278 137 406 431 0
person_181.jpg 371 172 463 375 0 281 178 333 384 0
person_185.jpg 389 172 458 379 0 312 184 371 393 0 228 201 278 367 0
person_187.jpg 292 219 340 415 0 344 232 405 426 0 406 266 458 432 0 483 209 563 401 0
person_195.jpg 321 165 399 375 0 264 188 319 376 0 65 172 115 360 0 24 179 78 344 0
person_196.jpg 330 74 448 397 0 196 97 286 387 0
person_199.jpg 131 185 215 401 0 213 173 277 388 0 288 171 359 396 0 348 182 402 385 0 523 174 577 292 0 387 189 436 348 0
person_201.jpg 309 218 349 342 0
person_202.jpg 201 110 276 376 0 431 150 508 371 0 354 106 405 269 0 539 108 594 255 0 275 115 313 240 0
person_203.jpg 189 198 223 311 0 468 203 509 312 0 350 206 387 310 0 233 200 261 307 0
person_208.jpg 298 106 418 446 0 421 91 466 235 0
person_209.jpg 224 148 311 385 0 321 146 413 476 0
person_211.jpg 397 160 469 413 0
person_214.jpg 395 133 492 435 0 183 129 273 431 0
person_219.jpg 360 129 469 435 0 296 187 373 425 0 106 154 158 311 0
person_220.jpg 233 117 279 269 0 307 117 366 262 0
person_221.jpg 322 141 407 357 0
person_223.jpg 199 60 346 438 0 350 60 486 406 0
person_224.jpg 237 111 319 438 0 318 139 382 394 0 367 125 472 410 0 471 169 551 390 0
person_225.jpg 211 61 327 432 0 403 59 522 441 0 59 17 180 355 0
person_228.jpg 229 103 309 403 0 290 104 397 436 0 133 98 178 206 0
person_229.jpg 353 87 473 477 0 222 91 334 477 0 324 100 363 241 0
person_231.jpg 355 97 461 452 0 261 61 375 471 0 116 105 205 433 0
person_232.jpg 194 13 358 452 0 363 68 476 457 0 42 78 103 234 0
person_233.jpg 171 165 270 412 0 427 165 500 402 0
person_234.jpg 236 170 301 361 0 332 161 409 358 0 115 166 176 329 0
person_235.jpg 190 116 326 447 0 356 72 490 425 0
person_237.jpg 312 123 403 407 0 224 140 322 407 0 503 129 535 223 0 453 138 487 226 0
person_238.jpg 336 93 462 423 0 190 123 283 415 0
person_239.jpg 276 84 388 429 0 205 81 293 441 0
person_240.jpg 204 102 337 461 0 319 78 444 446 0
person_241.jpg 216 87 332 423 0 359 95 459 420 0
person_242.jpg 233 93 357 443 0 365 50 484 437 0
person_243.jpg 118 139 200 423 0 177 134 271 421 0
person_244.jpg 220 110 301 407 0 297 64 425 444 0
person_245.jpg 107 55 256 434 0 236 177 332 425 0
person_252.jpg 391 137 481 430 0 214 171 293 425 0
person_253.jpg 332 144 457 437 0 139 121 207 358 0 254 134 322 343 0 206 178 267 364 0 83 139 118 236 0
person_254.jpg 274 129 351 367 0 208 110 290 386 0 390 185 452 378 0
person_256.jpg 321 100 443 432 0
person_257.jpg 353 186 407 358 0 273 188 330 360 0
person_258.jpg 369 172 424 324 0
person_259.jpg 338 172 392 336 0 267 170 329 336 0 183 179 222 329 0 228 183 278 328 0
person_260.jpg 336 180 388 311 0 287 192 335 315 0
person_266.jpg 99 66 239 462 0 549 96 603 307 0
person_269.jpg 149 65 272 461 0 262 60 372 425 0 364 75 463 441 0 443 79 591 477 0
person_270.jpg 345 91 462 475 0 214 67 328 475 0
person_273.jpg 483 172 537 322 0 528 176 582 315 0 302 195 367 470 0
person_274.jpg 292 145 360 378 0 435 122 584 477 0
person_275.jpg 269 184 346 399 0
person_279.jpg 468 203 523 365 0 266 226 323 401 0 192 179 245 326 0 124 186 172 306 0
person_281.jpg 291 138 382 396 0 197 141 251 322 0
person_283.jpg 268 123 452 466 0
person_284.jpg 237 144 367 369 0 560 118 604 222 0
person_285.jpg 268 171 348 370 0
person_286.jpg 368 130 422 268 0 195 113 313 408 0
person_287.jpg 257 150 354 402 0 448 140 500 319 0
person_288.jpg 196 154 268 423 0 263 144 353 413 0
person_289.jpg 334 174 397 419 0 269 165 343 440 0
person_291.jpg 226 144 346 475 0 333 146 431 477 0
person_292.jpg 273 164 377 426 0 249 165 293 330 0
person_294.jpg 272 171 366 410 0
person_295.jpg 251 139 339 398 0
person_296.jpg 227 123 318 450 0
person_297.jpg 317 154 390 419 0 270 160 339 393 0 203 150 273 403 0 3 180 55 310 0
person_298.jpg 249 155 333 426 0 341 224 410 399 0
person_299.jpg 192 123 284 464 0 313 215 391 431 0
person_300.jpg 252 106 378 402 0 338 70 375 187 0
person_301.jpg 274 156 341 410 0
person_302.jpg 334 161 442 443 0 209 158 310 465 0
person_304.jpg 300 85 413 459 0 56 73 163 317 0 131 68 198 290 0
person_305.jpg 278 179 340 351 0 169 188 258 435 0
person_319.jpg 280 188 352 388 0 168 161 214 337 0 564 171 597 278 0 594 168 634 270 0
person_320.jpg 324 145 456 475 0 263 123 360 429 0 477 127 515 227 0
person_321.jpg 383 169 422 277 0 435 165 477 283 0
person_324.jpg 376 162 436 305 0 425 162 485 313 0
person_327.jpg 218 109 281 330 0
person_328.jpg 94 227 136 350 0
person_329.jpg 430 117 503 324 0
person_331.jpg 294 143 353 326 0 391 142 448 281 0 154 65 286 471 0
person_333.jpg 217 168 283 334 0 297 173 353 285 0 177 190 237 333 0 367 170 413 280 0
person_334.jpg 281 82 398 473 0 160 88 297 470 0 389 126 450 403 0
person_339.jpg 52 153 156 422 0 177 150 233 305 0 205 141 263 289 0
person_340.jpg 276 117 415 417 0 168 120 280 418 0
person_341.jpg 237 62 364 439 0 167 101 263 373 0
person_342.jpg 219 187 308 412 0
person_343.jpg 203 189 274 362 0
person_344.jpg 73 77 163 366 0
person_346.jpg 209 160 301 409 0
person_348.jpg 230 153 287 312 0 67 152 117 314 0 321 165 375 325 0 133 169 173 283 0
person_349.jpg 455 92 585 475 0 339 103 432 463 0 38 130 122 384 0
person_356.jpg 161 120 289 589 0
person_357.jpg 347 184 401 375 0 398 201 468 388 0
person_358.jpg 245 220 310 357 0
person_376.jpg 201 186 261 332 0 277 194 326 328 0 374 181 420 300 0
person_377.jpg 326 193 389 359 0 448 194 483 304 0 24 213 69 330 0 63 207 100 327 0 408 201 444 308 0
person_378.jpg 77 230 117 357 0 114 220 155 357 0 285 229 328 341 0 350 235 390 335 0 452 227 491 323 0 182 230 227 328 0 8 218 48 353 0 492 227 531 319 0
person_387.jpg 224 152 305 425 0 289 170 345 404 0
person_395.jpg 150 165 198 318 0 206 173 262 323 0 324 202 359 287 0
person_414.jpg 274 121 337 307 0 105 119 167 303 0 481 108 522 225 0
person_425.jpg 66 75 111 239 0 177 79 219 199 0 125 90 165 196 0
person_and_bike_002.jpg 169 93 291 421 0 25 118 67 243 0
person_and_bike_003.jpg 184 159 301 474 0
person_and_bike_005.jpg 175 192 231 356 0
person_and_bike_007.jpg 248 44 359 407 0
person_and_bike_008.jpg 228 162 288 372 0 290 156 373 387 0
person_and_bike_009.jpg 311 176 394 366 0
person_and_bike_010.jpg 264 107 379 352 0 558 94 599 196 0
person_and_bike_011.jpg 337 185 384 297 0 398 187 431 281 0 284 191 323 296 0
person_and_bike_013.jpg 37 144 96 373 0 284 131 340 312 0 527 152 619 471 0
person_and_bike_015.jpg 346 116 420 363 0
person_and_bike_016.jpg 93 164 143 310 0 23 165 59 289 0 298 145 360 334 0 60 160 103 286 0
person_and_bike_017.jpg 281 185 321 301 0
person_and_bike_019.jpg 247 38 401 414 0
person_and_bike_020.jpg 370 198 446 401 0 302 174 347 322 0 347 181 382 314 0
person_and_bike_021.jpg 278 166 367 372 0
person_and_bike_022.jpg 295 186 380 387 0
person_and_bike_023.jpg 296 138 399 396 0
person_and_bike_026.jpg 571 172 622 306 0 346 169 421 423 0
person_and_bike_030.jpg 329 131 436 394 0 249 156 310 296 0
person_and_bike_031.jpg 304 165 390 329 0
person_and_bike_033.jpg 482 110 557 265 0
person_and_bike_034.jpg 296 173 359 327 0
person_and_bike_036.jpg 355 179 393 297 0
person_and_bike_039.jpg 240 99 323 390 0 176 100 249 376 0
person_and_bike_040.jpg 413 141 452 269 0 540 149 576 283 0 482 165 514 281 0
person_and_bike_074.jpg 314 124 357 294 0
person_and_bike_075.jpg 203 73 315 420 0
person_and_bike_078.jpg 267 58 400 344 0
person_and_bike_117.jpg 150 104 321 571 0 96 123 133 213 0
person_and_bike_118.jpg 121 63 298 631 0
person_and_bike_119.jpg 238 99 353 446 0
person_and_bike_120.jpg 127 138 198 391 0 390 133 453 421 0 83 154 121 283 0
person_and_bike_121.jpg 291 104 366 344 0 387 121 454 364 0
person_and_bike_123.jpg 326 167 398 343 0
person_and_bike_124.jpg 280 165 344 327 0 17 176 56 289 0
person_and_bike_125.jpg 196 128 267 336 0 330 146 382 288 0 458 132 549 408 0 79 145 117 255 0
person_and_bike_127.jpg 322 67 432 419 0 253 223 335 429 0
person_and_bike_128.jpg 254 216 328 394 0 349 123 439 382 0
person_and_bike_129.jpg 202 191 252 347 0 479 185 534 334 0 409 192 442 308 0 287 189 327 304 0 131 196 174 322 0 349 191 377 261 0
person_and_bike_130.jpg 280 183 334 323 0 347 184 405 332 0
person_and_bike_132.jpg 388 167 487 403 0 281 194 328 389 0 315 198 364 380 0 186 177 221 293 0
person_and_bike_134.jpg 247 121 337 421 0 336 108 416 413 0 112 125 197 380 0 509 125 553 244 0 432 143 465 243 0
person_and_bike_135.jpg 281 117 353 366 0 212 122 280 375 0 400 166 452 375 0 483 120 521 227 0
person_and_bike_137.jpg 340 125 421 414 0 243 155 344 414 0 568 148 613 289 0 83 157 120 301 0 171 144 214 271 0 115 156 153 271 0
person_and_bike_138.jpg 322 171 388 342 0 448 160 478 235 0
person_and_bike_139.jpg 257 136 364 410 0 223 208 255 311 0
person_and_bike_142.jpg 269 79 372 462 0 374 80 465 452 0 84 127 128 307 0
person_and_bike_143.jpg 539 173 602 353 0 273 174 320 301 0
person_and_bike_146.jpg 240 111 328 429 0 321 246 391 425 0
person_and_bike_147.jpg 284 146 374 423 0 172 157 242 411 0 84 144 129 259 0
person_and_bike_148.jpg 152 134 290 469 0 366 123 452 401 0 494 118 556 322 0 555 115 607 262 0 307 122 344 223 0
person_and_bike_150.jpg 237 167 307 362 0 369 190 429 345 0 315 171 382 367 0
person_and_bike_151.jpg 323 117 398 344 0 169 119 249 295 0
person_and_bike_152.jpg 224 132 280 311 0 164 107 218 257 0
person_and_bike_155.jpg 208 37 466 473 0
person_and_bike_156.jpg 368 119 442 325 0
person_and_bike_157.jpg 320 76 451 396 0
person_and_bike_166.jpg 332 104 449 385 0
person_and_bike_191.jpg 281 146 369 431 0
person_and_bike_207.jpg 302 114 392 314 0
person_and_bike_208.jpg 247 104 411 388 0
person_and_bike_209.jpg 336 112 418 316 0
